-111 -111 -111 -111 -111 -111 -111 -111 -111 -111 -111 -111 -111 -111 -111 -111 -111 -111 -111 -111 -111 -111 -111 -111 -111 -111 -111 -111 -111 -111 -111 -111 -111 -111 -111 -111 -111 -111 -111 -111 -111 -111 -111 -111 -111 -111 -111 -111 -111 -111 -111 -111 -111 -111 -111 -111 -111 -111 -111 -111 -111 -111 -111 -111 -111 -111 -111 -111 -111 -111 -111 -111 -111 -111 -111 -111 -111 -111 -111 -111 -111 -111 -111 -111 -111
-111 -111 -111 -111 -111 -111 -111 -111 -111 -111 -111 -111 -111 -111 -111 -111 -111 -111 -111 -111 -111 -111 -111 -111 -111 -111 -111 -111 -111 -111 -111 -111 -111 -111 -111 -111 -111 -111 -111 -111 -111 -111 -111 -111 -111 -111 -111 -111 -111 -111 -111 -111 -111 -111 -111 -111 -111 -111 -111 -111 -111 -111 -111 -111 -111 -111 -111 -111 -111 -111 -111 -111 -111 -111 -111 -111 -111 -111 -111 -111 -111 -111 -111 -111 -111
-111 -111 -111 -111 -111 -111 -111 -111 -111 -111 -111 -111 -111 -111 -111 -111 -111 -111 -111 -111 -111 -111 -111 -111 -111 -111 -111 -111 -111 -111 -111 -111 -111 -111 -111 -111 -111 -111 -111 -111 -111 -111 -111 -111 -111 -111 -111 -111 -111 -111 -111 -111 -111 -111 -111 -111 -111 -111 -111 -111 -111 -111 -111 -111 -111 -111 -111 -111 -111 -111 -111 -111 -111 -111 -111 -111 -111 -111 -111 -111 -111 -111 -111 -111 -111
-111 -111 -111 -111 -111 -111 -111 -111 -111 -111 -111 -111 -111 -111 -111 -111 -111 -111 -111 -111 -111 -111 -111 -111 -111 -111 -111 -111 -111 -111 -111 -111 -111 -111 -111 -111 -111 -111 -111 -111 -111 -111 -111 -111 -111 -111 -111 -111 -111 -111 -111 -111 -111 -111 -111 -111 -111 -111 -111 -111 -111 -111 -111 -111 -111 -111 -111 -111 -111 -111 -111 -111 -111 -111 -111 -111 -111 -111 -111 -111 -111 -111 -111 -111 -111
-111 -111 -111 -111 -111 -111 -111 -111 -111 -111 -111 -111 -111 -111 -111 -111 -111 -111 -111 -111 -111 -111 -111 -111 -111 -111 -111 -111 -111 -111 -111 -111 -111 -111 -111 -111 -111 -111 -111 -111 -111 -111 -111 -111 -111 -111 -111 -111 -111 -111 -111 -111 -111 -111 -111 -111 -111 -111 -111 -111 -111 -111 -111 -111 -111 -111 -111 -111 -111 -111 -111 -111 -111 -111 -111 -111 -111 -111 -111 -111 -111 -111 -111 -111 -111
-111 -111 -111 -111 -111 -111 -111 -111 -111 -111 -111 -111 -111 -111 -111 -111 -111 -111 -111 -111 -111 -111 -111 -111 -111 -111 -111 -111 -111 -111 -111 -111 -111 -111 -111 -111 -111 -111 -111 -111 -111 -111 -111 -111 -111 -111 -111 -111 -111 -111 -111 -111 -111 -111 -111 -111 -111 -111 -111 -111 -111 -111 -111 -111 -111 -111 -111 -111 -111 -111 -111 -111 -111 -111 -111 -111 -111 -111 -111 -111 -111 -111 -111 -111 -111
-111 -111 -111 -111 -111 -111 -111 -111 -111 -111 -111 -111 -111 -111 -111 -111 -111 -111 -111 -111 -111 -111 -111 -111 -111 -111 -111 -111 -111 -111 -111 -111 -111 -111 -111 -111 -111 -111 -111 -111 -111 -111 -111 -111 -111 -111 -111 -111 -111 -111 -111 -111 -111 -111 -111 -111 -111 -111 -111 -111 -111 -111 2619 2183 2048 2031 2096 2240 2228 -111 -111 -111 -111 -111 -111 -111 -111 -111 -111 -111 -111 -111 -111 -111 -111
-111 -111 -111 -111 -111 -111 -111 -111 -111 -111 -111 -111 -111 -111 -111 -111 -111 -111 -111 -111 -111 -111 -111 -111 -111 -111 -111 -111 -111 -111 -111 -111 -111 -111 -111 -111 -111 -111 -111 -111 -111 -111 -111 -111 -111 -111 -111 -111 -111 -111 -111 -111 -111 -111 -111 -111 -111 -111 -111 -111 -111 2959 2150 1563 1401 1685 1787 1548 1697 2020 1778 2252 -111 -111 -111 -111 -111 -111 -111 -111 -111 -111 -111 -111 -111
-111 -111 -111 -111 -111 -111 -111 -111 -111 -111 -111 -111 -111 -111 -111 -111 -111 -111 -111 -111 -111 -111 -111 -111 -111 -111 -111 -111 -111 -111 -111 -111 -111 -111 -111 -111 -111 -111 -111 -111 -111 -111 -111 -111 -111 -111 -111 -111 -111 -111 -111 -111 -111 4350 3739 3869 -111 -111 -111 -111 3205 2881 2138 1738 1312 775 703 827 1528 1584 1983 -111 -111 -111 -111 -111 -111 -111 -111 -111 -111 -111 -111 -111 -111
-111 -111 -111 -111 -111 -111 -111 -111 -111 -111 -111 -111 -111 -111 -111 -111 -111 -111 -111 -111 -111 -111 -111 -111 -111 -111 -111 -111 -111 -111 -111 -111 -111 -111 -111 -111 -111 -111 -111 -111 -111 -111 -111 -111 -111 -111 -111 13055 11306 9352 7839 6347 5046 4193 3727 3546 3623 3598 3926 3499 3034 2556 2181 1484 1145 966 608 693 1296 1292 1856 -111 -111 -111 -111 -111 -111 -111 -111 -111 -111 -111 -111 -111 -111
-111 -111 -111 -111 -111 -111 -111 -111 -111 -111 -111 -111 -111 -111 -111 -111 -111 -111 -111 -111 -111 -111 -111 -111 -111 -111 -111 -111 -111 -111 -111 -111 -111 -111 -111 -111 -111 -111 -111 -111 -111 -111 -111 -111 -111 -111 14358 12895 12292 11230 8758 6755 4948 3980 3491 3272 2993 2836 3027 2956 2389 1898 1589 1133 898 1048 573 490 964 1630 2036 2084 1894 1353 1014 -111 -111 -111 -111 -111 -111 -111 -111 -111 -111
-111 -111 -111 -111 -111 -111 -111 -111 -111 -111 -111 -111 -111 -111 -111 -111 -111 -111 -111 -111 -111 -111 -111 -111 -111 -111 -111 -111 -111 -111 -111 -111 -111 -111 -111 -111 -111 -111 -111 -111 -111 -111 -111 -111 -111 -111 14419 14103 14528 12533 9157 6747 5328 4439 3731 3166 2805 2462 2284 2484 2193 1557 1400 1099 879 943 425 402 869 1580 1792 1356 738 913 475 -111 -111 -111 -111 -111 -111 -111 -111 -111 -111
-111 -111 -111 -111 -111 -111 -111 -111 -111 -111 -111 -111 -111 -111 -111 -111 -111 -111 -111 -111 -111 -111 -111 -111 -111 -111 -111 -111 -111 -111 -111 -111 -111 -111 -111 -111 -111 -111 -111 -111 -111 -111 -111 -111 -111 -111 15953 15638 14305 12360 10179 7078 5720 4726 3855 3754 3831 3516 2927 1576 1491 1434 1245 932 861 1056 308 299 740 1478 887 597 238 220 365 -111 -111 -111 -111 -111 -111 -111 -111 -111 -111
-111 -111 -111 -111 -111 -111 -111 -111 -111 -111 -111 -111 -111 -111 -111 -111 -111 -111 -111 -111 -111 -111 -111 -111 -111 -111 -111 -111 -111 -111 -111 -111 -111 -111 -111 -111 -111 -111 -111 -111 -111 -111 -111 -111 -111 -111 -111 16264 13011 11732 9568 7334 6062 4586 3820 4246 4945 4677 3879 2505 1662 1229 1111 884 1173 836 322 200 394 698 438 192 101 92 358 1273 -111 -111 44 -111 -111 -111 -111 -111 -111
-111 -111 -111 -111 -111 -111 -111 -111 -111 -111 -111 -111 -111 -111 -111 -111 -111 -111 -111 -111 -111 -111 -111 -111 -111 -111 -111 -111 -111 -111 -111 -111 -111 -111 -111 -111 -111 -111 -111 -111 -111 -111 -111 -111 -111 -111 -111 16522 14696 12534 9863 7811 6434 5110 4184 4707 5872 6073 4718 2902 1693 1147 958 907 1430 670 324 186 281 675 277 204 117 78 96 295 277 -111 66 27 22 18 18 -111 -111
-111 -111 -111 -111 -111 -111 -111 -111 -111 -111 -111 -111 -111 -111 -111 -111 -111 -111 -111 -111 -111 -111 -111 -111 -111 -111 -111 -111 -111 -111 -111 -111 -111 -111 -111 -111 -111 -111 -111 -111 -111 -111 -111 10595 10647 12775 15616 15570 13333 11547 9364 7616 6306 5478 4643 5207 5898 6045 4633 2809 1460 941 820 946 1305 507 194 182 219 1027 901 212 163 90 72 67 54 43 40 30 -111 -111 15 -2222 -111
-111 -111 -111 -111 -111 -111 -111 -111 -111 -111 -111 -111 -111 -111 -111 -111 -111 -111 -111 -111 -111 -111 -111 -111 -111 -111 -111 -111 -111 -111 -111 -111 -111 -111 -111 -111 -111 -111 -111 -111 -111 -111 10519 11380 9842 11547 13403 15214 13302 10697 8742 7272 6095 5464 4820 4847 5383 4636 4130 2389 1406 812 680 1085 1405 850 512 245 181 1234 522 248 266 143 73 261 92 95 -111 -111 -111 -111 -111 -111 -111
-111 -111 -111 -111 -111 -111 -111 -111 -111 -111 -111 -111 -111 -111 -111 -111 -111 -111 -111 -111 -111 -111 -111 -111 -111 -111 -111 -111 -111 -111 -111 -111 -111 -111 -111 -111 -111 -111 -111 -111 -111 10178 9144 11178 9519 9138 10981 12313 11775 10323 8252 6938 5929 5213 4831 4251 3897 3650 2897 1991 1503 819 615 1213 934 603 283 180 199 651 208 146 111 90 80 723 530 -111 -111 -111 -111 -111 -111 -111 -111
-111 -111 -111 -111 -111 -111 -111 -111 -111 -111 -111 -111 -111 -111 -111 -111 -111 -111 -111 -111 -111 -111 -111 -111 -111 -111 -111 -111 -111 -111 -111 -111 -111 -111 -111 -111 -111 -111 -111 -111 9956 8431 8309 10989 9839 8084 8836 9586 9181 8150 7642 6664 5821 4842 4255 3431 3251 2989 2491 2050 1619 583 513 1272 530 349 195 176 169 165 161 126 105 82 151 1036 -111 -111 -111 -111 -111 -111 -111 -111 -111
-111 -111 -111 -111 -111 -111 -111 -111 -111 -111 -111 -111 -111 -111 -111 -111 -111 -111 -111 -111 -111 -111 -111 -111 -111 -111 -111 -111 -111 -111 -111 -111 -111 -111 -111 8034 8141 8616 9170 10405 10059 7597 7681 10309 9045 8753 6977 7077 7111 6490 6024 6010 5077 4139 3767 2590 2599 2429 2048 1232 952 383 398 875 699 267 194 186 177 244 244 143 105 83 395 931 -111 -111 -111 -111 -111 -111 -111 -111 -111
-111 -111 -111 -111 -111 -111 -111 -111 -111 -111 -111 -111 -111 -111 -111 -111 -111 -111 -111 -111 -111 -111 -111 -111 -111 -111 -111 -111 -111 -111 -111 -111 6371 6248 7988 8750 7464 8391 7828 9483 10000 7277 6711 8770 7988 8472 7170 6020 6713 6227 5650 5525 4991 3672 3028 2681 1840 1767 1198 558 376 365 353 341 488 281 187 185 200 401 202 259 176 84 268 831 -111 -111 -111 -111 -111 -111 -111 -111 -111
-111 -111 -111 -111 -111 -111 -111 -111 -111 -111 -111 -111 -111 -111 -111 -111 -111 -111 -111 -111 -111 -111 -111 -111 -111 -111 -111 -111 -111 -111 -111 -111 5987 5696 6523 7820 7534 6794 7244 8327 8656 6869 6002 6933 7383 8472 6320 5512 6138 6492 5974 5069 4794 3842 2886 2420 1877 1398 759 475 376 876 398 448 327 499 472 422 321 310 161 133 243 85 141 734 -111 -111 -111 -111 -111 -111 -111 -111 -111
-111 -111 -111 -111 -111 -111 -111 -111 -111 -111 -111 -111 -111 -111 -111 -111 -111 -111 -111 -111 -111 -111 -111 -111 -111 -111 -111 -111 -111 -111 -111 -111 -111 5492 5765 6613 7055 6539 5711 6016 6722 5508 5178 5233 6763 6475 5415 5353 5269 6022 5795 4510 4320 4023 3261 2144 1842 1390 669 423 670 1684 1034 452 538 945 889 291 173 148 121 105 86 122 102 578 -111 -111 -111 -111 -111 -111 -111 -111 -111
-111 -111 -111 -111 -111 -111 -111 -111 -111 -111 -111 -111 -111 -111 -111 -111 -111 -111 -111 -111 -111 -111 -111 -111 -111 -111 -111 -111 -111 -111 -111 -111 -111 5665 5158 5629 5611 5589 5278 5096 4586 4345 4669 4515 4755 4888 4500 4986 5208 6247 5453 4408 3775 3203 2986 2224 1889 1392 680 429 771 1820 1334 653 1018 1357 1103 205 107 93 90 89 87 87 188 437 -111 -111 -111 -111 -111 -111 -111 -111 -111
-111 -111 -111 -111 -111 -111 -111 -111 -111 -111 -111 -111 -111 -111 -111 -111 -111 -111 -111 -111 -111 -111 -111 -111 -111 -111 -111 -111 -111 -111 -111 -111 -111 6923 5823 5062 5046 5043 5040 5035 5431 5109 4245 4128 3990 4215 4457 4818 5198 5544 5697 6336 3855 2831 2377 1511 1177 846 537 469 730 1049 716 809 1430 1577 1039 357 122 102 102 96 90 88 152 372 1241 -111 -111 -111 -111 -111 -111 -111 -111
-111 -111 -111 -111 -111 -111 -111 -111 -111 -111 -111 -111 -111 -111 -111 -111 -111 -111 -111 -111 -111 -111 -111 -111 -111 -111 -111 -111 -111 -111 -111 -111 6598 5923 5566 5197 5782 5463 5298 6633 7702 6603 5511 4081 3536 3820 4259 4499 4116 5116 5694 5997 4723 3078 2369 2754 1686 1101 602 492 644 827 755 1081 1581 1519 891 394 405 140 127 115 105 111 131 344 1480 -111 -111 -111 -111 -111 -111 -111 -111
-111 -111 -111 -111 -111 -111 -111 -111 -111 -111 -111 -111 -111 -111 -111 -111 -111 -111 -111 -111 -111 -111 -111 -111 -111 -111 -111 -111 -111 -111 -111 -111 7675 6513 6120 5922 6439 6323 5753 7747 8938 8058 5861 4979 3580 3307 4050 3984 4315 4733 5466 4692 3608 2752 2371 4181 3145 1318 667 502 574 796 845 1324 1701 1543 1391 788 179 145 149 129 118 129 158 404 1611 -111 -111 -111 -111 -111 -111 -111 -111
-111 -111 -111 -111 -111 -111 -111 -111 -111 -111 -111 -111 -111 -111 -111 -111 -111 -111 -111 -111 -111 -111 -111 -111 -111 -111 -111 -111 -111 -111 -111 -111 7592 6181 5809 6070 5664 6347 6138 6709 6656 6881 6344 4389 3828 3566 3148 3128 3780 3733 4461 4703 3975 2944 2372 4220 4175 1438 639 513 593 858 1131 1376 1760 1605 1586 851 346 242 176 123 127 138 175 301 937 -111 -111 -111 -111 -111 -111 -111 -111
-111 -111 -111 -111 -111 -111 -111 -111 -111 -111 -111 -111 -111 -111 -111 -111 -111 -111 -111 -111 -111 -111 -111 -111 -111 -111 -111 -111 -111 -111 -111 -111 6928 6211 5423 5118 5191 5997 6930 6139 5223 6138 5422 4852 4161 3558 3797 3193 3065 3068 4500 4989 4355 2378 2373 4149 4472 1863 640 921 1326 1054 1359 1611 1900 1825 1513 1120 567 220 195 142 132 141 182 178 454 -111 -111 -111 -111 -111 -111 -111 -111
-111 -111 -111 -111 -111 -111 -111 -111 -111 -111 -111 -111 -111 -111 -111 -111 -111 -111 -111 -111 -111 -111 -111 -111 -111 -111 -111 -111 -111 -111 -111 7183 6210 5713 5158 4738 4709 5427 6263 5042 4775 6511 6473 5925 4848 4270 4391 4185 4019 2963 4079 5017 3920 2374 2401 3703 4863 2367 758 1119 1616 1309 1561 1824 1943 2057 2089 1680 724 322 189 145 133 141 142 203 626 -111 -111 -111 -111 -111 -111 -111 -111
-111 -111 -111 -111 -111 -111 -111 -111 -111 -111 -111 -111 -111 -111 -111 -111 -111 -111 -111 -111 -111 -111 -111 -111 -111 -111 -111 -111 -111 -111 -111 7906 6623 6116 5658 5230 4681 4836 5427 4395 4402 6891 6328 6805 5952 5129 5170 5588 5467 4163 2860 2860 3242 2375 2708 4298 4569 1898 881 1263 1861 1501 1751 2219 1976 1889 2004 1464 741 313 161 144 134 141 143 289 728 -111 -111 -111 -111 -111 -111 -111 -111
-111 -111 -111 -111 -111 -111 -111 -111 -111 -111 -111 -111 -111 -111 -111 -111 -111 -111 -111 -111 -111 -111 -111 -111 -111 -111 -111 -111 -111 -111 -111 -111 7814 6700 5574 4397 3841 4702 4950 4261 4220 5069 4811 6048 5322 5339 6020 6663 5356 4909 4109 2384 2377 2376 2942 4769 3570 1563 1310 1783 1929 1973 2617 2573 2147 2067 1857 1561 1223 497 251 154 140 150 170 266 938 -111 -111 -111 -111 -111 -111 -111 -111
-111 -111 -111 -111 -111 -111 -111 -111 -111 -111 -111 -111 -111 -111 -111 -111 -111 -111 -111 -111 -111 -111 -111 -111 -111 -111 -111 -111 -111 -111 -111 -111 7963 6909 6241 5650 4875 3753 3448 3519 3710 3744 3898 4703 4436 4406 6333 6033 5013 3619 3253 2411 2686 3612 4275 4699 3520 1625 1770 2753 2250 1955 2223 1799 1587 1281 1933 1556 1185 677 225 162 149 165 199 322 866 2139 -111 -111 -111 -111 -111 -111 -111
-111 -111 -111 -111 -111 -111 -111 -111 -111 -111 -111 -111 -111 -111 -111 -111 -111 -111 -111 -111 -111 -111 -111 -111 -111 -111 -111 -111 -111 -111 -111 -111 8364 8272 8048 5769 4688 4359 4539 3378 3121 3052 3386 3638 3634 3889 5363 5352 3763 3322 3161 3017 3478 5053 6186 5152 3878 1674 2161 3020 2013 1553 1913 1903 1244 298 283 268 253 238 230 173 170 170 194 398 693 1902 -111 -111 -111 -111 -111 -111 -111
-111 -111 -111 -111 -111 -111 -111 -111 -111 -111 -111 -111 -111 -111 -111 -111 -111 -111 -111 -111 -111 -111 -111 -111 -111 -111 -111 -111 -111 -111 -111 8089 6724 6199 6119 5578 5606 5998 5128 3758 4859 3311 2984 3192 3201 3948 5005 4627 4055 4327 3407 3667 3551 4411 5717 5183 3050 1724 1935 2803 1739 1263 1659 1809 313 2323 2785 1858 946 735 249 179 174 174 188 371 848 1900 -111 -111 -111 -111 -111 -111 -111
-111 -111 -111 -111 -111 -111 -111 -111 -111 -111 -111 -111 -111 -111 -111 -111 -111 -111 -111 -111 -111 -111 -111 -111 -111 -111 -111 -111 -111 -111 9425 7384 6602 7161 7206 7442 6583 5856 3919 5223 4914 4597 4219 2978 3932 5028 6103 6586 6050 4894 3839 4617 4273 4941 4753 3744 2071 1826 2488 2589 1538 1071 1075 328 1352 3682 4409 3817 2455 1448 268 186 1063 175 197 414 890 -111 -111 -111 -111 -111 -111 -111 -111
-111 -111 -111 -111 -111 -111 -111 -111 -111 -111 -111 -111 -111 -111 -111 -111 -111 -111 -111 -111 -111 -111 -111 -111 -111 -111 -111 -111 -111 -111 -111 7427 8936 9225 8517 7429 5691 5427 4552 5750 4743 4889 4755 2972 3455 4470 6052 7998 6844 5850 4494 5033 4822 4259 3522 2095 2176 2194 2256 1908 1809 1627 343 1476 1940 3230 4031 3888 2575 1166 261 277 278 209 285 453 1023 1613 -111 -111 -111 -111 -111 -111 -111
-111 -111 -111 -111 -111 -111 -111 -111 -111 -111 -111 -111 -111 -111 -111 -111 -111 -111 -111 -111 -111 -111 -111 -111 -111 -111 -111 -111 -111 -111 -111 8833 9775 9792 7898 6809 6422 5303 4825 5436 5155 5461 5344 2968 3243 5238 6736 7514 7028 4986 3483 3142 2873 2234 2143 1389 1738 1683 1606 1491 1126 358 1197 1922 3098 3883 3370 2689 1931 1228 552 492 796 344 373 469 758 1555 -111 -111 -111 -111 -111 -111 -111
-111 -111 -111 -111 -111 -111 -111 -111 -111 -111 -111 -111 -111 -111 -111 -111 -111 -111 -111 -111 -111 -111 -111 -111 -111 -111 -111 -111 -111 -111 -111 10528 10197 8306 8175 7330 5714 6122 6358 6936 5941 6075 4777 3062 2965 5255 6406 6853 7338 4478 2279 1441 1696 1024 1223 924 907 1082 1270 970 373 1998 2391 2110 3498 4340 3303 2922 2933 1598 625 506 1456 656 358 530 809 1678 -111 -111 -111 -111 -111 -111 -111
-111 -111 -111 -111 -111 -111 -111 -111 -111 -111 -111 -111 -111 -111 -111 -111 -111 -111 -111 -111 -111 -111 -111 -111 -111 -111 -111 -111 -111 -111 -111 9634 9253 8694 7103 6125 6899 7529 6722 6600 6605 4586 3670 2941 2955 4505 5913 6077 5879 3768 1920 1176 986 762 672 647 618 675 708 388 877 1434 2017 2497 3573 3961 3176 2806 2865 1664 1489 605 1440 1091 379 529 1106 1588 -111 -111 -111 -111 -111 -111 -111
-111 -111 -111 -111 -111 -111 -111 -111 -111 -111 -111 -111 -111 -111 -111 -111 -111 -111 -111 -111 -111 -111 -111 -111 -111 -111 -111 -111 -111 -111 -111 10164 7933 7478 6703 6956 7900 6891 6045 5794 5878 4533 3806 2917 3464 4905 4603 5427 5222 3320 1733 1009 800 644 540 504 467 505 403 624 1191 1757 1753 2828 3371 3455 2903 2945 2507 2561 2709 1130 1259 1191 446 535 1173 2034 -111 -111 -111 -111 -111 -111 -111
-111 -111 -111 -111 -111 -111 -111 -111 -111 -111 -111 -111 -111 -111 -111 -111 -111 -111 -111 -111 -111 -111 -111 -111 -111 -111 -111 -111 -111 -111 -111 8938 8202 7113 7338 7516 8125 7508 5375 5638 5377 4258 3620 3014 2906 4606 4302 4356 4102 2561 1513 885 692 582 494 421 419 418 537 853 1633 2622 2122 3616 4325 3563 3222 3114 2990 3214 2786 1625 1756 1337 684 500 963 1950 -111 -111 -111 -111 -111 -111 -111
-111 -111 -111 -111 -111 -111 -111 -111 -111 -111 -111 -111 -111 -111 -111 -111 -111 -111 -111 -111 -111 -111 -111 -111 -111 -111 -111 -111 -111 -111 -111 8505 7431 7434 7766 6741 6361 5944 4845 4909 3975 3194 4009 3052 2895 4292 4016 3698 2969 1972 1189 863 670 502 444 421 419 447 617 908 1553 2242 2267 3028 4583 4802 3777 3127 3333 2824 2842 2572 3217 1748 880 733 931 1836 -111 -111 -111 -111 -111 -111 -111
-111 -111 -111 -111 -111 -111 -111 -111 -111 -111 -111 -111 -111 -111 -111 -111 -111 -111 -111 -111 -111 -111 -111 -111 -111 -111 -111 -111 -111 -111 -111 8306 7437 7505 7136 5388 4947 4198 4133 3853 3363 2753 2998 2681 2283 3100 2561 3722 3445 1550 908 740 543 489 453 441 446 473 684 1325 2036 1691 2319 3564 4684 4280 3873 4159 3132 3608 3395 3894 3736 1984 1998 1224 1095 1777 -111 -111 -111 -111 -111 -111 -111
-111 -111 -111 -111 -111 -111 -111 -111 -111 -111 -111 -111 -111 -111 -111 -111 -111 -111 -111 -111 -111 -111 -111 -111 -111 -111 -111 -111 -111 -111 8089 8013 7536 5717 5216 4256 3884 3713 3292 3302 3319 2808 2355 1984 1519 1579 1519 2461 2023 987 670 532 499 481 457 459 463 551 681 1563 2386 1923 2434 4411 4897 4619 4330 3523 3328 4080 3775 4511 3561 2327 2167 1403 1164 1827 -111 -111 -111 -111 -111 -111 -111
-111 -111 -111 -111 -111 -111 -111 -111 -111 -111 -111 -111 -111 -111 -111 -111 -111 -111 -111 -111 -111 -111 -111 -111 -111 -111 -111 -111 -111 8513 7231 7769 8134 7170 6405 4834 4794 4066 3980 3283 2757 2920 2491 1802 1402 1063 1087 1165 901 678 540 507 495 480 469 458 480 771 750 1278 2670 2261 2563 4506 4873 4009 3738 3352 4339 4458 4103 4405 3495 2836 2201 1495 1353 1937 -111 -111 -111 -111 -111 -111 -111
-111 -111 -111 -111 -111 -111 -111 -111 -111 -111 -111 -111 -111 -111 -111 -111 -111 -111 -111 -111 -111 -111 -111 -111 -111 -111 -111 -111 -111 8202 6574 6105 7588 7002 6055 5119 4606 3981 5480 4594 3413 2706 1536 1231 1008 851 834 805 701 599 519 510 494 485 476 477 583 1067 816 1877 3161 2778 2966 4525 5398 3950 3443 3377 4327 4803 4563 4675 4344 3573 2834 2010 1828 -111 -111 -111 -111 -111 -111 -111 -111
-111 -111 -111 -111 -111 -111 -111 -111 -111 -111 -111 -111 -111 -111 -111 -111 -111 -111 -111 -111 -111 -111 -111 -111 -111 -111 -111 -111 -111 7529 6470 5183 5170 7300 6336 5875 4447 4256 4931 3928 3534 3502 1478 1247 1065 836 719 676 629 570 532 510 510 495 492 527 892 1533 987 1539 2453 2739 3266 4577 5382 4141 4044 3671 4183 5090 4931 4912 4515 4691 3966 3031 2521 -111 -111 -111 -111 -111 -111 -111 -111
-111 -111 -111 -111 -111 -111 -111 -111 -111 -111 -111 -111 -111 -111 -111 -111 -111 -111 -111 -111 -111 -111 -111 -111 -111 -111 -111 -111 -111 6911 5810 6198 5345 4920 5559 4887 3877 3563 4541 3717 2922 1764 1178 1061 977 871 764 658 593 546 743 654 818 563 544 752 1284 1121 1037 1389 2136 2467 3389 4077 5353 5345 5219 4955 4588 4896 -111 -111 5515 5173 4664 3511 3480 -111 -111 -111 -111 -111 -111 -111 -111
-111 -111 -111 -111 -111 -111 -111 -111 -111 -111 -111 -111 -111 -111 -111 -111 -111 -111 -111 -111 -111 -111 -111 -111 -111 -111 -111 9241 7528 7122 7669 6759 5964 5631 4903 5108 4545 3740 3333 3040 2086 1378 1178 1030 924 833 748 677 589 553 813 1020 860 886 740 1155 1364 1308 1059 1286 1726 2430 4005 5092 6586 -111 -111 -111 -111 -111 -111 -111 -111 -111 -111 -111 4327 -111 -111 -111 -111 -111 -111 -111 -111
-111 -111 -111 -111 -111 -111 -111 -111 -111 -111 -111 -111 -111 -111 -111 -111 -111 -111 -111 -111 -111 -111 -111 -111 -111 -111 11850 9503 8220 9100 9286 7552 7115 6482 6122 5491 5280 4711 4114 2477 1622 1350 1174 1028 914 833 743 646 589 565 701 1013 1194 1195 1079 1314 1184 1178 1184 1583 2527 2308 3763 6203 6528 -111 -111 -111 -111 -111 -111 -111 -111 -111 -111 -111 -111 -111 -111 -111 -111 -111 -111 -111 -111
-111 -111 -111 -111 -111 -111 -111 -111 -111 -111 -111 -111 -111 -111 -111 -111 -111 -111 -111 -111 -111 -111 -111 -111 -111 15130 11833 9331 10794 10875 9136 8225 7750 6633 6014 5109 4022 3692 2916 1807 1452 1270 1121 982 867 777 708 742 577 581 1069 1505 1557 1146 1644 1751 1179 1435 1191 1682 2548 2773 3792 6545 -111 -111 -111 -111 -111 -111 -111 -111 -111 -111 -111 -111 -111 -111 -111 -111 -111 -111 -111 -111 -111
-111 -111 -111 -111 -111 -111 -111 -111 -111 -111 -111 -111 -111 -111 -111 -111 -111 -111 -111 -111 -111 -111 -111 -111 -111 14964 12219 10584 12491 11430 9691 9133 8314 7566 6547 5250 4076 2574 2009 1475 1330 1207 1077 957 858 843 1184 1299 589 597 884 2020 1514 1791 2252 1983 1405 1294 1242 1748 2259 3013 3909 5844 -111 -111 -111 -111 -111 -111 -111 -111 -111 -111 -111 -111 -111 -111 -111 -111 -111 -111 -111 -111 -111
-111 -111 -111 -111 -111 -111 -111 -111 -111 -111 -111 -111 -111 -111 -111 -111 -111 -111 -111 -111 -111 -111 -111 -111 17910 15723 14092 12059 12950 12000 11306 11022 9870 8327 6942 4965 3821 2238 1575 1347 1219 1134 1022 924 834 780 938 644 714 1057 945 2223 2214 2472 1800 1332 1298 1467 1359 1687 2157 2561 3302 5133 6820 5562 5107 -111 -111 -111 -111 -111 -111 -111 -111 -111 -111 -111 -111 -111 -111 -111 -111 -111 -111
-111 -111 -111 -111 -111 -111 -111 -111 -111 -111 -111 -111 -111 -111 -111 -111 -111 -111 -111 -111 -111 -111 -111 -111 18228 16463 15400 14473 14715 13395 13227 12610 10394 8241 6727 5706 4641 2537 1579 1352 1175 1063 961 870 807 743 698 648 1056 1578 1249 2253 2217 1880 1674 1809 2327 1427 1556 1897 1956 2751 2994 4086 4669 4799 4975 5258 -111 -111 -111 -111 -111 -111 -111 -111 -111 -111 -111 -111 -111 -111 -111 -111 -111
-111 -111 -111 -111 -111 -111 -111 -111 -111 -111 -111 -111 -111 -111 -111 -111 -111 -111 -111 -111 -111 -111 -111 -111 -111 17795 17300 16913 16770 15269 14386 12977 10353 7792 6147 4925 3900 2647 1698 1393 1205 1069 939 854 777 694 668 652 1048 1658 1905 2355 2341 2358 1785 2695 2536 1491 1655 2698 2513 3491 4617 4570 5103 5080 -111 -111 -111 -111 -111 -111 -111 -111 -111 -111 -111 -111 -111 -111 -111 -111 -111 -111 -111
-111 -111 -111 -111 -111 -111 -111 -111 -111 -111 -111 -111 -111 -111 -111 -111 -111 -111 -111 -111 -111 -111 -111 -111 -111 -111 -111 -111 17905 16542 14741 12528 10092 7569 6244 5284 4398 2885 1878 1476 1297 1137 993 882 785 692 662 974 1149 2091 3158 2973 2730 2206 2266 3138 2594 1704 1570 2425 2653 3580 5327 5836 5891 -111 -111 -111 -111 -111 -111 -111 -111 -111 -111 -111 -111 -111 -111 -111 -111 -111 -111 -111 -111
-111 -111 -111 -111 -111 -111 -111 -111 -111 -111 -111 -111 -111 -111 -111 -111 -111 -111 -111 -111 -111 -111 -111 -111 -111 -111 -111 -111 18620 16566 14387 12339 9820 8039 7155 5262 4286 3043 1851 1594 1399 1205 1027 889 783 705 667 1279 2173 2909 3475 3128 2851 2464 3045 3458 2206 1585 1776 2148 2672 4066 5672 5868 -111 -111 -111 -111 -111 -111 -111 -111 -111 -111 -111 -111 -111 -111 -111 -111 -111 -111 -111 -111 -111
-111 -111 -111 -111 -111 -111 -111 -111 -111 -111 -111 -111 -111 -111 -111 -111 -111 -111 -111 -111 -111 -111 -111 -111 -111 -111 -111 -111 17522 16046 15078 12803 10572 8651 6945 5761 5071 2743 1997 1750 1501 1333 1341 955 794 734 741 1215 1561 2233 2511 3191 3059 2914 3467 3369 2022 1601 2220 2814 3173 4150 4936 5526 -111 -111 -111 -111 -111 -111 -111 -111 -111 -111 -111 -111 -111 -111 -111 -111 -111 -111 -111 -111 -111
-111 -111 -111 -111 -111 -111 -111 -111 -111 -111 -111 -111 -111 -111 -111 -111 -111 -111 -111 -111 -111 -111 -111 -111 -111 -111 -111 -111 17347 16013 14567 12923 10744 8828 6898 5739 3980 2521 2222 1899 1699 1580 1252 868 735 750 1217 1292 1469 1655 2296 3609 4202 3714 4411 2936 2009 1641 2715 3666 3575 4106 5606 5658 -111 -111 -111 -111 -111 -111 -111 -111 -111 -111 -111 -111 -111 -111 -111 -111 -111 -111 -111 -111 -111
-111 -111 -111 -111 -111 -111 -111 -111 -111 -111 -111 -111 -111 -111 -111 -111 -111 -111 -111 -111 -111 -111 -111 -111 -111 -111 -111 -111 17037 16093 14706 12719 10544 8866 6719 5763 3924 2765 2494 2126 2020 1750 1258 928 862 815 1508 1695 1501 1620 2256 2961 4106 3656 4158 3009 2335 1724 2573 4478 3920 4573 5852 -111 -111 -111 -111 -111 -111 -111 -111 -111 -111 -111 -111 -111 -111 -111 -111 -111 -111 -111 -111 -111 -111
-111 -111 -111 -111 -111 -111 -111 -111 -111 -111 -111 -111 -111 -111 -111 -111 -111 -111 -111 -111 -111 -111 -111 -111 -111 -111 -111 -111 -111 16605 15117 12602 10285 8428 6458 5226 3933 3300 3716 3533 2470 2072 1418 1261 1025 1328 1739 1704 1533 1762 2257 2542 3297 3089 2910 2905 2641 1877 2417 3861 4680 5265 5209 -111 -111 -111 -111 -111 -111 -111 -111 -111 -111 -111 -111 -111 -111 -111 -111 -111 -111 -111 -111 -111 -111
-111 -111 -111 -111 -111 -111 -111 -111 -111 -111 -111 -111 -111 -111 -111 -111 -111 -111 -111 -111 -111 -111 -111 -111 -111 -111 -111 -111 -111 14925 14167 11993 10194 8428 6574 5125 4229 4591 3995 4042 3427 2375 1887 1791 1279 1775 1728 1637 1547 1775 2332 2582 3029 2541 2394 2901 3013 2125 2130 3469 5105 5346 -111 -111 -111 -111 -111 -111 -111 -111 -111 -111 -111 -111 -111 -111 -111 -111 -111 -111 -111 -111 -111 -111 -111
-111 -111 -111 -111 -111 -111 -111 -111 -111 -111 -111 -111 -111 -111 -111 -111 -111 -111 -111 -111 -111 -111 -111 -111 -111 -111 -111 -111 -111 12852 11244 9847 9041 8091 6243 4860 5316 5182 4726 5175 4334 2959 2731 2159 1850 1727 1618 1576 1560 1727 2116 2175 2391 2522 2153 2470 3022 3223 2224 3003 4641 5185 5806 -111 -111 -111 -111 -111 -111 -111 -111 -111 -111 -111 -111 -111 -111 -111 -111 -111 -111 -111 -111 -111 -111
-111 -111 -111 -111 -111 -111 -111 -111 -111 -111 -111 -111 -111 -111 -111 -111 -111 -111 -111 -111 -111 -111 -111 -111 -111 -111 -111 -111 -111 11795 10890 9758 8184 6955 6134 6088 5770 5028 4290 4111 3447 3108 2763 2338 2069 1710 1662 1771 1730 1588 1900 1974 2233 2360 2125 2446 2531 2225 2307 2777 3838 5169 7256 -111 -111 -111 -111 -111 -111 -111 -111 -111 -111 -111 -111 -111 -111 -111 -111 -111 -111 -111 -111 -111 -111
-111 -111 -111 -111 -111 -111 -111 -111 -111 -111 -111 -111 -111 -111 -111 -111 -111 -111 -111 -111 -111 -111 -111 -111 -111 -111 -111 -111 -111 -111 12392 12005 10052 8805 7541 7202 6550 5549 4745 3912 4292 3692 2721 2349 2459 2028 1873 1890 1744 1645 1943 1992 2062 2123 2513 2340 2296 2298 2301 3048 3920 5914 7841 -111 -111 -111 -111 -111 -111 -111 -111 -111 -111 -111 -111 -111 -111 -111 -111 -111 -111 -111 -111 -111 -111
-111 -111 -111 -111 -111 -111 -111 -111 -111 -111 -111 -111 -111 -111 -111 -111 -111 -111 -111 -111 -111 -111 -111 -111 -111 -111 -111 -111 -111 -111 -111 13698 11617 10127 8740 7999 7175 5868 4842 4726 5461 4174 3078 2239 2196 2004 1986 1907 1932 1795 1933 2034 1928 2310 2858 2966 2420 2424 2992 3569 4403 5839 7838 -111 -111 -111 -111 -111 -111 -111 -111 -111 -111 -111 -111 -111 -111 -111 -111 -111 -111 -111 -111 -111 -111
-111 -111 -111 -111 -111 -111 -111 -111 -111 -111 -111 -111 -111 -111 -111 -111 -111 -111 -111 -111 -111 -111 -111 -111 -111 -111 -111 -111 -111 -111 -111 15656 14244 11270 10403 8949 7278 6573 5902 4775 4973 4089 3042 2376 2094 1979 1915 1873 1839 1936 1875 1921 2013 2383 2755 3072 2852 2772 2827 3973 4828 5503 7338 -111 -111 -111 -111 -111 -111 -111 -111 -111 -111 -111 -111 -111 -111 -111 -111 -111 -111 -111 -111 -111 -111
-111 -111 -111 -111 -111 -111 -111 -111 -111 -111 -111 -111 -111 -111 -111 -111 -111 -111 -111 -111 -111 -111 -111 -111 -111 -111 -111 -111 -111 -111 -111 -111 14652 12496 10400 8658 7250 6213 5432 4549 3949 3595 3029 2555 2319 2259 2253 1961 1925 1857 1915 2111 2307 2908 3114 3916 3464 3217 3133 3950 4306 5047 6515 -111 -111 -111 -111 -111 -111 -111 -111 -111 -111 -111 -111 -111 -111 -111 -111 -111 -111 -111 -111 -111 -111
-111 -111 -111 -111 -111 -111 -111 -111 -111 -111 -111 -111 -111 -111 -111 -111 -111 -111 -111 -111 -111 -111 -111 -111 -111 -111 -111 -111 -111 -111 -111 -111 14837 13055 11441 9916 7265 6149 5560 4413 3780 3387 3065 2743 2419 2162 1957 1893 1889 2055 2079 1986 2553 3242 3608 4859 3891 3646 4020 4758 4927 5536 6539 6764 -111 -111 -111 -111 -111 -111 -111 -111 -111 -111 -111 -111 -111 -111 -111 -111 -111 -111 -111 -111 -111
-111 -111 -111 -111 -111 -111 -111 -111 -111 -111 -111 -111 -111 -111 -111 -111 -111 -111 -111 -111 -111 -111 -111 -111 -111 -111 -111 -111 -111 -111 -111 -111 15609 13363 11025 9107 7371 5945 5576 4689 3849 3555 3039 2728 2467 2241 1980 2120 2079 2198 2144 2124 2587 3261 3599 5438 4223 4272 4941 5805 5477 5909 6322 6960 -111 -111 -111 -111 -111 -111 -111 -111 -111 -111 -111 -111 -111 -111 -111 -111 -111 -111 -111 -111 -111
-111 -111 -111 -111 -111 -111 -111 -111 -111 -111 -111 -111 -111 -111 -111 -111 -111 -111 -111 -111 -111 -111 -111 -111 -111 -111 -111 -111 -111 -111 -111 -111 14740 13231 11081 8650 7000 5807 5169 4711 3495 3652 3010 2621 2481 2287 2030 2275 2267 2332 2291 2338 2548 2956 3382 4947 4673 5498 6361 6065 5787 5623 6182 6755 6601 -111 -111 -111 -111 -111 -111 -111 -111 -111 -111 -111 -111 -111 -111 -111 -111 -111 -111 -111 -111
-111 -111 -111 -111 -111 -111 -111 -111 -111 -111 -111 -111 -111 -111 -111 -111 -111 -111 -111 -111 -111 -111 -111 -111 -111 -111 -111 -111 -111 -111 -111 13664 13770 11805 10858 8633 6839 5482 4485 4018 3248 3336 3123 2818 2460 2232 2031 2220 2217 2335 2182 2714 2995 3266 3801 4051 4576 6510 6923 6255 6093 5650 5616 5805 6448 6939 -111 -111 -111 -111 -111 -111 -111 -111 -111 -111 -111 -111 -111 -111 -111 -111 -111 -111 -111
-111 -111 -111 -111 -111 -111 -111 -111 -111 -111 -111 -111 -111 -111 -111 -111 -111 -111 -111 -111 -111 -111 -111 -111 -111 -111 -111 -111 -111 -111 11852 13406 14044 11727 9528 8022 6439 5030 4494 3370 2956 2573 2878 2638 2213 2127 2032 2037 2119 2154 2131 2495 2866 3017 3526 3776 4525 5689 5828 5466 5720 6134 5820 5443 5814 6578 -111 -111 -111 -111 -111 -111 -111 -111 -111 -111 -111 -111 -111 -111 -111 -111 -111 -111 -111
-111 -111 -111 -111 -111 -111 -111 -111 -111 -111 -111 -111 -111 -111 -111 -111 -111 -111 -111 -111 -111 -111 -111 -111 -111 -111 -111 -111 -111 10098 10497 11583 11711 10786 8639 6919 5836 4558 4064 3025 2848 2538 2342 2161 2132 2034 2085 2046 2042 2130 2132 2407 2749 3392 3703 3718 4374 5936 5016 5466 6162 6084 5804 5426 5500 6095 -111 -111 -111 -111 -111 -111 -111 -111 -111 -111 -111 -111 -111 -111 -111 -111 -111 -111 -111
-111 -111 -111 -111 -111 -111 -111 -111 -111 -111 -111 -111 -111 -111 -111 -111 -111 -111 -111 -111 -111 -111 -111 -111 -111 -111 -111 -111 9686 9336 9274 9823 9753 9125 7734 6423 5248 4308 4022 2797 2579 2713 2276 2132 2100 2059 2243 2203 2223 2434 2348 2744 2706 3008 3477 3651 4232 4743 4740 6073 6358 5675 5714 5240 5521 5993 -111 -111 -111 -111 -111 -111 -111 -111 -111 -111 -111 -111 -111 -111 -111 -111 -111 -111 -111
-111 -111 -111 -111 -111 -111 -111 -111 -111 -111 -111 -111 -111 -111 -111 -111 -111 -111 -111 -111 -111 -111 -111 -111 -111 -111 -111 -111 9888 8153 8622 8684 8309 8072 6900 5689 4843 4053 3905 2710 2435 2479 2377 2248 2110 2269 2285 2232 2279 2499 2490 2987 2707 2707 3401 3674 4159 4375 5420 6752 6591 5766 5177 5780 6046 6783 -111 -111 -111 -111 -111 -111 -111 -111 -111 -111 -111 -111 -111 -111 -111 -111 -111 -111 -111
-111 -111 -111 -111 -111 -111 -111 -111 -111 -111 -111 -111 -111 -111 -111 -111 -111 -111 -111 -111 -111 -111 -111 -111 -111 -111 -111 10105 9223 7086 6991 7804 7272 7109 6423 5231 4354 3860 3853 2809 2327 2307 2160 2113 2116 2358 2299 2289 2500 2419 2473 3088 2773 2911 3251 3537 4022 4879 6494 7264 5680 5036 5233 5690 5944 6193 -111 -111 -111 -111 -111 -111 -111 -111 -111 -111 -111 -111 -111 -111 -111 -111 -111 -111 -111
-111 -111 -111 -111 -111 -111 -111 -111 -111 -111 -111 -111 -111 -111 -111 -111 -111 -111 -111 -111 -111 -111 -111 -111 -111 12534 11666 10650 9325 6351 6109 6961 6419 6130 5946 4795 3917 3327 3000 2552 2293 2259 2198 2123 2158 2314 2294 2560 2739 2591 2562 2939 2982 3038 3502 3609 4103 4434 5706 6664 5276 4832 5052 5758 6287 -111 -111 -111 -111 -111 -111 -111 -111 -111 -111 -111 -111 -111 -111 -111 -111 -111 -111 -111 -111
-111 -111 -111 -111 -111 -111 -111 -111 -111 -111 -111 -111 -111 -111 -111 -111 -111 -111 -111 -111 -111 -111 -111 -111 11595 10723 10475 9411 8189 5795 5274 5888 5817 5467 5176 4331 3445 3089 2865 2600 2378 2531 2177 2230 2323 2409 2479 2739 2970 2643 2724 2720 3389 3285 3254 3545 3698 4197 4782 5128 4629 5213 6244 7645 7942 -111 -111 -111 -111 -111 -111 -111 -111 -111 -111 -111 -111 -111 -111 -111 -111 -111 -111 -111 -111
-111 -111 -111 -111 -111 -111 -111 -111 -111 -111 -111 -111 -111 -111 -111 -111 -111 -111 -111 -111 -111 -111 -111 -111 10706 9156 9581 7683 7578 5354 4745 4758 5625 5874 4574 4131 3306 2905 2753 2568 2391 2399 2178 2422 2675 2668 2645 2720 2881 2778 2879 3004 3229 3643 3580 3834 3886 4357 4451 4463 4989 6052 6881 8828 -111 -111 -111 -111 -111 -111 -111 -111 -111 -111 -111 -111 -111 -111 -111 -111 -111 -111 -111 -111 -111
-111 -111 -111 -111 -111 -111 -111 -111 -111 -111 -111 -111 -111 -111 -111 -111 -111 -111 -111 -111 -111 -111 -111 9850 9873 8680 8830 7200 6838 4927 4580 5214 5198 4523 4657 4054 3569 3078 2602 2485 2353 2418 2179 2703 2665 2725 2985 2999 2957 2870 3255 3287 3068 3514 3689 3919 4039 4198 4273 4886 5236 5872 7413 7742 7336 -111 -111 -111 -111 -111 -111 -111 -111 -111 -111 -111 -111 -111 -111 -111 -111 -111 -111 -111 -111
-111 -111 -111 -111 -111 -111 -111 -111 -111 -111 -111 -111 -111 -111 -111 -111 -111 -111 -111 -111 -111 -111 -111 8136 8353 7958 7242 6453 5817 4943 4543 5706 5578 4286 5075 4020 4018 3285 2513 2378 2283 2180 2260 2618 2602 2876 3052 3098 3105 2966 3491 3491 3435 3466 3839 4043 4181 4349 4633 5295 5221 5156 5502 5777 6394 7184 -111 -111 -111 -111 -111 -111 -111 -111 -111 -111 -111 -111 -111 -111 -111 -111 -111 -111 -111
-111 -111 -111 -111 -111 -111 -111 -111 -111 -111 -111 -111 -111 -111 -111 -111 -111 -111 -111 -111 -111 -111 -111 -111 7088 6538 6173 5914 6189 5898 4506 4663 5673 4079 4714 3727 4091 4372 3078 2435 2196 2181 2362 2607 2544 2837 3058 3060 3111 3128 3474 3758 3697 3454 3932 4245 4433 4443 4752 4996 4691 4688 4991 5467 6109 -111 -111 -111 -111 -111 -111 -111 -111 -111 -111 -111 -111 -111 -111 -111 -111 -111 -111 -111 -111
-111 -111 -111 -111 -111 -111 -111 -111 -111 -111 -111 -111 -111 -111 -111 -111 -111 -111 -111 -111 -111 -111 -111 -111 7214 6252 5110 5181 5116 5397 4394 3728 4806 3920 4238 3316 3734 3592 2768 2462 2288 2182 2599 2551 2543 2898 2970 3095 3252 3313 3853 3841 3473 3463 3991 4291 4396 4291 4442 4492 4593 5009 5058 6045 6955 -111 -111 -111 -111 -111 -111 -111 -111 -111 -111 -111 -111 -111 -111 -111 -111 -111 -111 -111 -111
-111 -111 -111 -111 -111 -111 -111 -111 -111 -111 -111 -111 -111 -111 -111 -111 -111 -111 -111 -111 -111 -111 6580 6436 6700 5320 4543 5195 4723 4248 4834 3603 3651 3572 3768 3173 3448 3032 2716 2333 2247 2183 2617 2439 2543 2824 2896 3080 3299 3476 3972 4136 3698 3633 4068 4204 4155 4614 5066 5144 5031 5205 5289 5917 6981 -111 -111 -111 -111 -111 -111 -111 -111 -111 -111 -111 -111 -111 -111 -111 -111 -111 -111 -111 -111
-111 -111 -111 -111 -111 -111 -111 -111 -111 -111 -111 -111 -111 -111 -111 -111 -111 -111 -111 -111 -111 -111 5606 6245 6195 5312 4938 4502 4420 4427 4101 3531 3183 3508 3798 3023 2911 2631 2537 2345 2262 2186 2533 2346 2646 2813 3014 3451 3373 3653 3780 3943 3803 3888 4097 4078 4383 5537 7005 6386 5835 5634 5717 5940 5928 6008 6436 -111 -111 -111 -111 -111 -111 -111 -111 -111 -111 -111 -111 -111 -111 -111 -111 -111 -111
-111 -111 -111 -111 -111 -111 -111 -111 -111 -111 -111 -111 -111 -111 -111 -111 -111 -111 -111 -111 -111 -111 5459 5441 5423 5633 5363 5488 5914 5702 3875 3171 3048 2769 2906 3006 2608 2479 2426 2284 2189 2229 2187 2322 2608 2791 3033 3349 3625 3687 3910 4142 3952 4246 4249 4082 4601 6170 8395 7894 6792 5833 6744 6712 5997 -111 -111 -111 -111 -111 -111 -111 -111 -111 -111 -111 -111 -111 -111 -111 -111 -111 -111 -111 -111
-111 -111 -111 -111 -111 -111 -111 -111 -111 -111 -111 -111 -111 -111 -111 -111 -111 -111 -111 -111 -111 -111 -111 5992 6098 6148 5425 6634 6023 5110 4012 3698 3125 2843 2663 2569 2552 2372 2290 2240 2369 2360 2188 2351 2572 2897 3152 3383 3519 3696 3970 4141 4174 4439 4345 4193 4439 5941 6816 7063 6488 6591 7277 6360 6954 -111 -111 -111 -111 -111 -111 -111 -111 -111 -111 -111 -111 -111 -111 -111 -111 -111 -111 -111 -111
-111 -111 -111 -111 -111 -111 -111 -111 -111 -111 -111 -111 -111 -111 -111 -111 -111 -111 -111 -111 -111 -111 -111 6358 6725 6878 5681 6263 5544 4245 4087 3592 3107 2967 2811 2698 2587 2521 2441 2406 2453 2268 2189 2340 2490 2796 3326 3397 3416 3544 3877 4002 4326 4517 4345 4278 4365 4878 5478 5637 6067 6042 5789 6075 7700 -111 -111 -111 -111 -111 -111 -111 -111 -111 -111 -111 -111 -111 -111 -111 -111 -111 -111 -111 -111
-111 -111 -111 -111 -111 -111 -111 -111 -111 -111 -111 -111 -111 -111 -111 -111 -111 -111 -111 -111 -111 -111 -111 7402 7408 7703 7014 6784 5684 4395 3483 3201 3057 2842 2708 2632 2572 2518 2492 2456 2462 2323 2190 2273 2412 2695 3067 3359 3266 3490 3914 3932 4318 4495 4305 4375 4636 4635 4772 4957 5300 5079 5309 5346 5797 -111 -111 -111 -111 -111 -111 -111 -111 -111 -111 -111 -111 -111 -111 -111 -111 -111 -111 -111 -111
-111 -111 -111 -111 -111 -111 -111 -111 -111 -111 -111 -111 -111 -111 -111 -111 -111 -111 -111 -111 -111 -111 -111 -111 -111 8456 8822 7063 5738 4037 3365 3164 2975 2836 2759 2611 2550 2483 2401 2388 2409 2400 2226 2305 2619 2857 3019 3190 3218 3683 3871 4092 4352 4292 4234 4318 4432 4425 4568 4675 4802 4798 5085 5211 5939 -111 -111 -111 -111 -111 -111 -111 -111 -111 -111 -111 -111 -111 -111 -111 -111 -111 -111 -111 -111
-111 -111 -111 -111 -111 -111 -111 -111 -111 -111 -111 -111 -111 -111 -111 -111 -111 -111 -111 -111 -111 -111 -111 -111 -111 8941 6973 5247 4498 3842 3525 3348 2878 2748 2687 2594 2581 2524 2462 2434 2359 2315 2227 2388 2712 3031 3068 3176 3275 3603 4084 4222 4326 4309 4204 4207 4345 4384 4393 4503 4589 4783 4878 5124 5575 -111 -111 -111 -111 -111 -111 -111 -111 -111 -111 -111 -111 -111 -111 -111 -111 -111 -111 -111 -111
-111 -111 -111 -111 -111 -111 -111 -111 -111 -111 -111 -111 -111 -111 -111 -111 -111 -111 -111 -111 -111 -111 -111 -111 8244 7753 5858 5369 5108 4658 3344 3229 2834 2650 2570 2521 2539 2515 2466 2419 2391 2335 2228 2523 2773 3119 3029 3388 3553 3795 4109 4188 4178 4201 4868 4592 4216 4559 4783 4678 4625 4722 4765 4817 5515 6479 -111 -111 -111 -111 -111 -111 -111 -111 -111 -111 -111 -111 -111 -111 -111 -111 -111 -111 -111
-111 -111 -111 -111 -111 -111 -111 -111 -111 -111 -111 -111 -111 -111 -111 -111 -111 -111 -111 -111 -111 -111 -111 7800 7344 6684 5078 4827 5364 3975 2997 3019 2830 2673 2557 2473 2433 2441 2478 2457 2365 2271 2229 2496 2744 2921 3204 3448 3528 3709 3827 3940 4192 4362 5581 5091 4400 4290 4718 4867 5100 4938 5113 5348 5478 5761 6385 -111 -111 -111 -111 -111 -111 -111 -111 -111 -111 -111 -111 -111 -111 -111 -111 -111 -111
-111 -111 -111 -111 -111 -111 -111 -111 -111 -111 -111 -111 -111 -111 -111 -111 -111 -111 -111 -111 -111 -111 -111 8355 6627 5369 4695 3927 3890 3466 2990 2825 2729 2637 2570 2505 2433 2360 2332 2370 2312 2240 2230 2506 2731 3140 3279 3367 3395 3608 3719 4113 4316 4355 4725 4692 4609 4326 4711 5223 5356 5019 5123 5361 5354 5583 6465 -111 -111 -111 -111 -111 -111 -111 -111 -111 -111 -111 -111 -111 -111 -111 -111 -111 -111
-111 -111 -111 -111 -111 -111 -111 -111 -111 -111 -111 -111 -111 -111 -111 -111 -111 -111 -111 -111 -111 -111 -111 -111 7634 6784 5839 4622 3570 3312 3198 2993 2827 2735 2645 2566 2458 2430 2386 2298 2259 2231 2357 2579 2890 3070 3186 3292 3329 3655 4062 4197 4383 4486 4698 4975 4580 4500 4434 4784 5398 5324 5665 6019 5672 6284 8040 -111 -111 -111 -111 -111 -111 -111 -111 -111 -111 -111 -111 -111 -111 -111 -111 -111 -111
-111 -111 -111 -111 -111 -111 -111 -111 -111 -111 -111 -111 -111 -111 -111 -111 -111 -111 -111 -111 -111 -111 -111 -111 7905 7125 6130 4492 3816 3395 3112 2970 2867 2795 2648 2559 2502 2484 2439 2371 2255 2232 2419 2652 3000 2918 3139 3545 3460 3403 3977 4322 4555 4618 4583 4856 4542 4505 4445 4483 5153 5620 5580 6136 5958 6790 8396 -111 -111 -111 -111 -111 -111 -111 -111 -111 -111 -111 -111 -111 -111 -111 -111 -111 -111
-111 -111 -111 -111 -111 -111 -111 -111 -111 -111 -111 -111 -111 -111 -111 -111 -111 -111 -111 -111 -111 -111 -111 -111 7773 6230 5061 4042 3569 3564 3123 3029 2840 2751 2680 2593 2544 2545 2500 2352 2270 2236 2399 2740 3011 2925 3480 3762 3693 3618 4050 4291 4529 4559 4616 4690 4503 4500 4616 4457 5005 5872 5732 6433 6462 6681 7984 -111 -111 -111 -111 -111 -111 -111 -111 -111 -111 -111 -111 -111 -111 -111 -111 -111 -111
-111 -111 -111 -111 -111 -111 -111 -111 -111 -111 -111 -111 -111 -111 -111 -111 -111 -111 -111 -111 -111 -111 -111 -111 7742 6998 6048 4606 3969 3320 3048 3018 2799 2704 2659 2588 2531 2489 2468 2315 2251 2241 2403 2602 2916 3003 3913 4100 3859 3831 4116 4568 5091 5100 5011 5294 4652 4770 5186 4570 4666 6032 6011 6722 7242 7623 -111 -111 -111 -111 -111 -111 -111 -111 -111 -111 -111 -111 -111 -111 -111 -111 -111 -111 -111
-111 -111 -111 -111 -111 -111 -111 -111 -111 -111 -111 -111 -111 -111 -111 -111 -111 -111 -111 -111 -111 -111 -111 -111 8520 8327 6666 5064 4533 3470 2884 2890 2707 2643 2579 2521 2488 2410 2345 2282 2251 2249 2455 2548 2609 3097 3740 4181 4153 4189 4321 4776 6484 6439 6052 5553 4764 5070 5008 4663 4664 5264 6322 6395 7570 8798 -111 -111 -111 -111 -111 -111 -111 -111 -111 -111 -111 -111 -111 -111 -111 -111 -111 -111 -111
-111 -111 -111 -111 -111 -111 -111 -111 -111 -111 -111 -111 -111 -111 -111 -111 -111 -111 -111 -111 -111 -111 -111 -111 8019 6975 6469 5247 4124 3366 2880 2727 2654 2564 2518 2460 2415 2360 2328 2283 2267 2301 2533 2690 2926 3042 3355 3735 4411 4468 4527 4505 5330 7072 7433 6463 5280 4901 4904 4946 4702 5703 7261 6981 8247 10241 -111 -111 -111 -111 -111 -111 -111 -111 -111 -111 -111 -111 -111 -111 -111 -111 -111 -111 -111
-111 -111 -111 -111 -111 -111 -111 -111 -111 -111 -111 -111 -111 -111 -111 -111 -111 -111 -111 -111 -111 -111 -111 8194 7411 7023 5695 5045 4052 3280 2906 2736 2617 2550 2486 2466 2487 2449 2312 2282 2292 2386 2525 2814 2944 3165 3563 3716 4078 4608 4459 4726 5011 5793 6313 7556 6550 5148 4902 5028 4775 4876 6750 7458 9056 11067 -111 -111 -111 -111 -111 -111 -111 -111 -111 -111 -111 -111 -111 -111 -111 -111 -111 -111 -111
-111 -111 -111 -111 -111 -111 -111 -111 -111 -111 -111 -111 -111 -111 -111 -111 -111 -111 -111 -111 -111 -111 -111 8217 6763 6450 5538 5177 4228 3256 2856 2722 2662 2589 2572 2564 2536 2473 2368 2306 2322 2437 2530 2745 2886 3171 3815 3646 4044 4450 4542 4923 5570 5322 5639 -111 -111 5814 5688 5018 4910 4849 6358 -111 -111 -111 -111 -111 -111 -111 -111 -111 -111 -111 -111 -111 -111 -111 -111 -111 -111 -111 -111 -111 -111
-111 -111 -111 -111 -111 -111 -111 -111 -111 -111 -111 -111 -111 -111 -111 -111 -111 -111 -111 -111 -111 -111 -111 8963 6295 6142 4318 4093 3423 3032 2872 2788 2753 2687 2671 2639 2628 2580 2471 2331 2478 2407 2545 2656 2867 3155 3551 3572 3883 4351 5023 5049 5955 5323 5324 -111 -111 -111 -111 5880 -111 -111 -111 -111 -111 -111 -111 -111 -111 -111 -111 -111 -111 -111 -111 -111 -111 -111 -111 -111 -111 -111 -111 -111 -111
-111 -111 -111 -111 -111 -111 -111 -111 -111 -111 -111 -111 -111 -111 -111 -111 -111 -111 -111 7595 8117 8780 8720 7747 6720 5056 4543 3546 3205 3039 2953 2954 2776 2660 2591 2574 2584 2590 2497 2351 2589 2466 2425 2643 2792 3105 3352 3808 3821 4438 5688 5973 6688 5802 5450 -111 -111 -111 -111 -111 -111 -111 -111 -111 -111 -111 -111 -111 -111 -111 -111 -111 -111 -111 -111 -111 -111 -111 -111 -111 -111 -111 -111 -111 -111
-111 -111 -111 -111 -111 -111 -111 -111 -111 -111 -111 -111 -111 -111 -111 -111 -111 -111 7923 7005 6692 7875 7139 6681 5717 4448 3843 3375 3135 2988 2878 2786 2805 2754 2662 2604 2537 2474 2458 2372 2628 2581 2487 2637 2723 3175 3455 3929 3970 4448 5223 5714 7016 6645 6709 -111 -111 -111 -111 -111 -111 -111 -111 -111 -111 -111 -111 -111 -111 -111 -111 -111 -111 -111 -111 -111 -111 -111 -111 -111 -111 -111 -111 -111 -111
-111 -111 -111 -111 -111 -111 -111 -111 -111 -111 -111 -111 -111 -111 -111 -111 -111 -111 7986 6823 5977 7248 6492 5433 5172 4227 3545 3439 3340 3310 3044 2791 2775 2717 2667 2605 2552 2568 2560 2390 2607 2665 2639 2595 2775 3032 3303 3592 3920 4152 4808 5261 5527 6563 -111 -111 -111 -111 -111 -111 -111 -111 -111 -111 -111 -111 -111 -111 -111 -111 -111 -111 -111 -111 -111 -111 -111 -111 -111 -111 -111 -111 -111 -111 -111
-111 -111 -111 -111 -111 -111 -111 -111 -111 -111 -111 -111 -111 -111 -111 -111 -111 8195 8198 6609 5793 5999 6538 5823 4574 3875 3677 3669 3282 3122 2974 2811 2757 2742 2719 2660 2631 2627 2587 2391 2586 2588 2672 2877 3024 3414 3730 3602 3597 3903 4700 5172 5084 5927 -111 -111 -111 -111 -111 -111 -111 -111 -111 -111 -111 -111 -111 -111 -111 -111 -111 -111 -111 -111 -111 -111 -111 -111 -111 -111 -111 -111 -111 -111 -111
-111 -111 -111 -111 -111 -111 -111 -111 -111 -111 -111 -111 -111 -111 -111 -111 -111 7408 6861 7344 6913 5345 5080 4897 4281 3759 3406 3329 3159 3009 2986 2872 2804 2768 2726 2708 2593 2562 2462 2402 2392 2394 2599 2809 3126 3743 5178 4697 3779 3822 4214 4905 4736 5584 -111 -111 -111 -111 -111 -111 -111 -111 -111 -111 -111 -111 -111 -111 -111 -111 -111 -111 -111 -111 -111 -111 -111 -111 -111 -111 -111 -111 -111 -111 -111
-111 -111 -111 -111 -111 -111 -111 -111 -111 -111 -111 -111 -111 -111 -111 -111 -111 8218 6379 6025 6242 5448 4105 3851 3683 3406 3247 3118 3035 2946 2815 2733 2686 2738 2718 2636 2567 2443 2441 2547 2535 2393 2534 2772 3010 3698 4449 4896 4259 4444 4588 4456 4616 5550 -111 -111 -111 -111 -111 -111 -111 -111 -111 -111 -111 -111 -111 -111 -111 -111 -111 -111 -111 -111 -111 -111 -111 -111 -111 -111 -111 -111 -111 -111 -111
-111 -111 -111 -111 -111 -111 -111 -111 -111 -111 -111 -111 -111 -111 -111 -111 -111 8458 7244 6364 5808 4604 4080 3824 3628 3631 3510 3241 3004 2903 2894 2831 2780 2639 2622 2565 2518 2530 2596 2565 2618 2419 2477 2744 2917 3178 3891 4475 5080 4794 4978 5033 5002 5452 -111 -111 -111 -111 -111 -111 -111 -111 -111 -111 -111 -111 -111 -111 -111 -111 -111 -111 -111 -111 -111 -111 -111 -111 -111 -111 -111 -111 -111 -111 -111
-111 -111 -111 -111 -111 -111 -111 -111 -111 -111 -111 -111 -111 -111 -111 -111 -111 -111 8573 7341 6609 4698 3923 3926 4032 3901 3764 3375 3119 2943 2811 2725 2749 2746 2643 2579 2524 2680 2670 2659 2663 2473 2475 2687 2817 3108 3855 4795 6427 5497 5783 6291 6108 5289 -111 -111 -111 -111 -111 -111 -111 -111 -111 -111 -111 -111 -111 -111 -111 -111 -111 -111 -111 -111 -111 -111 -111 -111 -111 -111 -111 -111 -111 -111 -111
-111 -111 -111 -111 -111 -111 -111 -111 -111 -111 -111 -111 -111 -111 -111 -111 -111 -111 8161 6925 5806 4858 3999 3779 3759 3739 3747 3708 3343 3035 2842 2721 2649 2628 2707 2650 2540 2708 2679 2720 2623 2510 2613 2728 2993 3111 3775 4806 6761 6433 7061 7334 7248 5327 5359 -111 -111 -111 -111 -111 -111 -111 -111 -111 -111 -111 -111 -111 -111 -111 -111 -111 -111 -111 -111 -111 -111 -111 -111 -111 -111 -111 -111 -111 -111
-111 -111 -111 -111 -111 -111 -111 -111 -111 -111 -111 -111 -111 -111 -111 -111 -111 7503 7470 8236 6589 4828 4228 3994 3844 3838 3327 3256 3225 3170 3033 2838 2746 2660 2551 2541 2708 2732 2719 2751 2611 2511 2689 2977 3169 3363 3966 5164 6775 7244 7830 6711 6748 5150 5172 5492 -111 -111 -111 -111 -111 -111 -111 -111 -111 -111 -111 -111 -111 -111 -111 -111 -111 -111 -111 -111 -111 -111 -111 -111 -111 -111 -111 -111 -111
-111 -111 -111 -111 -111 -111 -111 -111 -111 -111 -111 -111 -111 -111 -111 -111 -111 7292 6642 6803 6025 4855 4348 4413 4251 4037 3882 3684 3307 3017 2859 2855 2805 2721 2551 2564 2757 2727 2738 2712 2650 2512 2853 3003 3133 3515 4111 5570 5958 6758 7078 6123 5616 5140 5065 5528 5932 -111 -111 -111 -111 -111 -111 -111 -111 -111 -111 -111 -111 -111 -111 -111 -111 -111 -111 -111 -111 -111 -111 -111 -111 -111 -111 -111 -111
-111 -111 -111 -111 -111 -111 -111 -111 -111 -111 -111 -111 -111 -111 -111 -111 7463 7258 5945 5402 4862 4805 4646 4428 4591 4191 4105 3570 3201 3260 3057 2758 2678 2634 2623 2711 2759 2752 2706 2650 2631 2523 3007 3390 3258 3548 4334 5530 5365 6025 6023 5633 5216 5195 5017 5504 5312 -111 -111 -111 -111 -111 -111 -111 -111 -111 -111 -111 -111 -111 -111 -111 -111 -111 -111 -111 -111 -111 -111 -111 -111 -111 -111 -111 -111
-111 -111 -111 -111 -111 -111 -111 -111 -111 -111 -111 -111 -111 -111 -111 7422 7278 6352 6238 5784 5336 4719 4161 3978 4194 4445 4463 3863 3418 3022 2931 2836 2771 2675 2687 2869 2786 2732 2720 2627 2599 2554 3164 3759 3380 3478 4680 5606 5007 5294 5242 5613 5323 4970 5143 5173 5300 -111 -111 -111 -111 -111 -111 -111 -111 -111 -111 -111 -111 -111 -111 -111 -111 -111 -111 -111 -111 -111 -111 -111 -111 -111 -111 -111 -111
-111 -111 -111 -111 -111 -111 -111 -111 -111 -111 -111 -111 -111 -111 7374 7346 6891 5936 6259 6638 5864 5479 4901 4349 3841 4015 4145 4262 3721 3309 3127 2988 2954 2860 2681 2801 2836 2832 2724 2710 2590 2555 3216 3755 3610 3621 4514 4825 4777 5231 4908 5130 5223 4887 5227 5118 5117 -111 -111 -111 -111 -111 -111 -111 -111 -111 -111 -111 -111 -111 -111 -111 -111 -111 -111 -111 -111 -111 -111 -111 -111 -111 -111 -111 -111
-111 -111 -111 -111 -111 -111 -111 -111 -111 -111 11314 9783 8707 7570 7403 7093 6720 5977 5831 6620 5944 5633 5196 4558 4058 3590 3472 3371 3492 3282 3244 3110 2901 2786 2726 2826 2834 2856 2747 2727 2575 2575 3070 3420 3394 3525 4089 4484 4500 4980 4800 4866 4956 4831 4863 4895 5125 -111 -111 -111 -111 -111 -111 -111 -111 -111 -111 -111 -111 -111 -111 -111 -111 -111 -111 -111 -111 -111 -111 -111 -111 -111 -111 -111 -111
-111 -111 -111 -111 -111 -111 -111 -111 -111 -111 12105 9835 8542 7959 7278 7136 6478 5702 5214 5945 5509 5360 5018 4506 3947 4225 3919 3665 3170 3055 2933 2973 2987 2858 2745 2865 2846 2819 2834 2665 2588 2576 2914 3144 3360 3587 3939 4234 4279 4513 4465 4464 4702 4811 5063 5119 5275 5548 -111 -111 -111 -111 -111 -111 -111 -111 -111 -111 -111 -111 -111 -111 -111 -111 -111 -111 -111 -111 -111 -111 -111 -111 -111 -111 -111
-111 -111 -111 -111 -111 -111 -111 -111 14377 13995 11672 9894 8298 7662 7089 7025 6721 6275 5632 5189 5155 4767 4606 4475 3948 4018 3882 3540 3199 3211 3138 2906 2821 2764 2800 2905 2869 2833 2798 2797 2665 2661 2801 3094 3291 3537 3902 4048 3869 3996 4408 4678 4728 4811 5245 5250 5458 5823 -111 -111 -111 -111 -111 -111 -111 -111 -111 -111 -111 -111 -111 -111 -111 -111 -111 -111 -111 -111 -111 -111 -111 -111 -111 -111 -111
-111 -111 -111 -111 -111 -111 -111 12769 12402 12297 10463 9509 8268 7328 6988 6924 6833 6067 5606 4792 4732 4724 4261 4069 3897 3792 3677 3450 3695 3870 3446 3137 2999 3003 2965 2903 2916 2851 2852 2809 2675 2663 2877 3161 3294 3434 3631 3812 3813 4049 4505 4652 4770 5025 5128 5236 5514 5933 -111 -111 -111 -111 -111 -111 -111 -111 -111 -111 -111 -111 -111 -111 -111 -111 -111 -111 -111 -111 -111 -111 -111 -111 -111 -111 -111
-111 -111 -111 -111 -111 -111 15350 12541 10284 9717 9178 8492 7489 6939 6744 6597 6638 6444 5467 5036 4347 4375 4327 4142 3946 3810 3514 3668 3953 3837 3537 3211 3008 2995 2937 2904 2869 2887 2926 2880 2854 2709 2811 3099 3363 3487 3481 3815 4278 4382 4558 4794 4933 4928 5165 5534 5489 6097 -111 -111 -111 -111 -111 -111 -111 -111 -111 -111 -111 -111 -111 -111 -111 -111 -111 -111 -111 -111 -111 -111 -111 -111 -111 -111 -111
-111 -111 -111 -111 -111 -111 15127 12064 11208 10134 8802 8429 7937 7136 6414 6082 6311 6052 5368 4728 4453 4151 4058 4331 4532 4183 3863 3886 3737 3659 3534 3277 3030 2933 2954 2934 2879 2880 2892 3011 2920 2710 2866 3064 3290 3680 3444 4038 4505 4616 4672 4686 4792 4964 5325 5680 5581 5978 -111 -111 -111 -111 -111 -111 -111 -111 -111 -111 -111 -111 -111 -111 -111 -111 -111 -111 -111 -111 -111 -111 -111 -111 -111 -111 -111
-111 -111 -111 -111 -111 -111 15191 12773 12800 11597 9844 8651 8021 7331 6793 6286 5752 5613 5074 4832 4540 4375 4095 3949 4300 4263 4076 3955 3548 3334 3321 3171 3041 2962 2921 2983 2898 2935 2881 2835 2873 2730 2863 2999 3322 3586 3394 4044 4119 4390 4635 4669 4944 5078 5441 5862 5727 6213 -111 -111 -111 -111 -111 -111 -111 -111 -111 -111 -111 -111 -111 -111 -111 -111 -111 -111 -111 -111 -111 -111 -111 -111 -111 -111 -111
-111 -111 -111 -111 -111 -111 16156 14610 14958 12989 10178 8224 7439 6935 6540 6125 5676 5220 4945 4814 4429 4148 4022 3939 4188 4143 3967 4047 3815 3360 3348 3527 3249 2961 2978 2909 2918 2961 2920 2790 2777 2817 2887 3243 3322 3242 3295 3869 4148 4630 4549 5014 5028 5078 5360 5694 6272 6600 -111 -111 -111 -111 -111 -111 -111 -111 -111 -111 -111 -111 -111 -111 -111 -111 -111 -111 -111 -111 -111 -111 -111 -111 -111 -111 -111
-111 -111 -111 -111 -111 -111 17998 16647 15506 13464 10845 8930 7780 7293 6690 6352 5501 5160 5106 4739 4407 4269 4130 3944 3827 3933 3673 3553 3530 3463 3474 3418 3285 3087 2928 2921 2982 2962 2899 2783 2860 2812 2872 3323 3195 3114 3127 3403 4091 4415 4808 5000 5203 5663 5373 5845 -111 -111 -111 -111 -111 -111 -111 -111 -111 -111 -111 -111 -111 -111 -111 -111 -111 -111 -111 -111 -111 -111 -111 -111 -111 -111 -111 -111 -111
-111 -111 -111 -111 -111 -111 17850 16066 14350 12484 10512 8859 7547 6800 6537 6314 5735 5205 4923 4693 4369 4184 4108 3912 3687 3738 3631 3606 3448 3370 3297 3486 3740 3424 3043 2987 2979 2961 2844 2801 2920 2842 2835 3042 3101 3360 3644 3817 3440 4555 5186 5517 5442 -111 -111 -111 -111 -111 -111 -111 -111 -111 -111 -111 -111 -111 -111 -111 -111 -111 -111 -111 -111 -111 -111 -111 -111 -111 -111 -111 -111 -111 -111 -111 -111
-111 -111 -111 -111 -111 -111 -111 15205 13531 12153 9927 8676 7261 6587 6137 5921 5606 5439 4896 4621 4468 4229 4028 3905 3714 3596 3561 3795 3658 3329 3230 3178 3276 3537 3047 3010 2973 2900 2841 2923 2986 2973 2931 3148 3106 3708 3934 4370 3726 4269 5389 -111 -111 -111 -111 -111 -111 -111 -111 -111 -111 -111 -111 -111 -111 -111 -111 -111 -111 -111 -111 -111 -111 -111 -111 -111 -111 -111 -111 -111 -111 -111 -111 -111 -111
-111 -111 -111 -111 -111 -111 -111 -111 12480 10934 9258 8139 7111 6458 5975 5496 5199 5105 5127 4630 4365 4191 4017 3862 3743 3680 3589 3428 3396 3403 3286 3146 3120 3089 3013 2959 2908 2876 2929 3045 3048 2960 2956 3408 3473 3909 4107 4429 4266 3786 4925 -111 -111 -111 -111 -111 -111 -111 -111 -111 -111 -111 -111 -111 -111 -111 -111 -111 -111 -111 -111 -111 -111 -111 -111 -111 -111 -111 -111 -111 -111 -111 -111 -111 -111
-111 -111 -111 -111 -111 -111 -111 -111 -111 -111 -111 -111 -111 -111 6005 5665 5570 5166 4881 4690 4424 4250 4185 3950 3858 3708 3816 3593 3574 3430 3252 3217 3199 3238 3359 3027 3004 3024 3020 2965 2961 2960 2958 3290 3696 4059 4340 4512 4928 3868 4728 -111 -111 -111 -111 -111 -111 -111 -111 -111 -111 -111 -111 -111 -111 -111 -111 -111 -111 -111 -111 -111 -111 -111 -111 -111 -111 -111 -111 -111 -111 -111 -111 -111 -111
-111 -111 -111 -111 -111 -111 -111 -111 -111 -111 -111 -111 -111 -111 -111 -111 5640 5221 4878 4552 4304 4399 4174 4095 4043 3897 3745 3727 3815 3630 3657 3514 3618 3337 3751 3165 3102 3012 3038 3033 3020 3063 3023 3239 3693 4140 4466 4583 4910 3950 -111 -111 -111 -111 -111 -111 -111 -111 -111 -111 -111 -111 -111 -111 -111 -111 -111 -111 -111 -111 -111 -111 -111 -111 -111 -111 -111 -111 -111 -111 -111 -111 -111 -111 -111
-111 -111 -111 -111 -111 -111 -111 -111 -111 -111 -111 -111 -111 -111 -111 -111 -111 -111 -111 -111 -111 -111 4226 4049 3900 3798 3710 3676 3603 3594 3785 3769 4138 3720 3571 3189 3063 3072 3149 3068 3158 3143 3026 3324 3610 4025 4320 4623 4834 -111 -111 -111 -111 -111 -111 -111 -111 -111 -111 -111 -111 -111 -111 -111 -111 -111 -111 -111 -111 -111 -111 -111 -111 -111 -111 -111 -111 -111 -111 -111 -111 -111 -111 -111 -111
-111 -111 -111 -111 -111 -111 -111 -111 -111 -111 -111 -111 -111 -111 -111 -111 -111 -111 -111 -111 -111 -111 -111 -111 3948 3883 3934 3863 3718 3632 3559 3582 4046 3795 3372 3276 3113 3129 3134 3208 3252 3058 3049 3535 3697 4097 4513 4856 -111 -111 -111 -111 -111 -111 -111 -111 -111 -111 -111 -111 -111 -111 -111 -111 -111 -111 -111 -111 -111 -111 -111 -111 -111 -111 -111 -111 -111 -111 -111 -111 -111 -111 -111 -111 -111
-111 -111 -111 -111 -111 -111 -111 -111 -111 -111 -111 -111 -111 -111 -111 -111 -111 -111 -111 -111 -111 -111 -111 -111 4093 4041 4016 4088 4428 4176 3492 3478 3613 3578 3618 3405 3198 3185 3251 3253 3092 3057 3057 3403 3957 4381 4792 4815 -111 -111 -111 -111 -111 -111 -111 -111 -111 -111 -111 -111 -111 -111 -111 -111 -111 -111 -111 -111 -111 -111 -111 -111 -111 -111 -111 -111 -111 -111 -111 -111 -111 -111 -111 -111 -111
-111 -111 -111 -111 -111 -111 -111 -111 -111 -111 -111 -111 -111 -111 -111 -111 -111 -111 -111 -111 -111 -111 -111 -111 4142 4180 4182 4243 4154 4226 3669 3484 3473 3398 3506 3527 3252 3250 3342 3185 3065 3095 3156 3405 4015 4481 5079 -111 -111 -111 -111 -111 -111 -111 -111 -111 -111 -111 -111 -111 -111 -111 -111 -111 -111 -111 -111 -111 -111 -111 -111 -111 -111 -111 -111 -111 -111 -111 -111 -111 -111 -111 -111 -111 -111
-111 -111 -111 -111 -111 -111 -111 -111 -111 -111 -111 -111 -111 -111 -111 -111 -111 -111 -111 -111 -111 -111 -111 -111 -111 4392 4213 4084 3917 3739 3560 3450 3368 3326 3322 3303 3217 3201 3160 3119 3131 3220 3276 3301 3819 4517 5008 -111 -111 -111 -111 -111 -111 -111 -111 -111 -111 -111 -111 -111 -111 -111 -111 -111 -111 -111 -111 -111 -111 -111 -111 -111 -111 -111 -111 -111 -111 -111 -111 -111 -111 -111 -111 -111 -111
-111 -111 -111 -111 -111 -111 -111 -111 -111 -111 -111 -111 -111 -111 -111 -111 -111 -111 -111 -111 -111 -111 -111 -111 -111 4575 4496 4068 4072 5070 4548 3595 3482 3443 3341 3278 3250 3159 3133 3191 3234 3337 3327 3799 4128 4400 4893 -111 -111 -111 -111 -111 -111 -111 -111 -111 -111 -111 -111 -111 -111 -111 -111 -111 -111 -111 -111 -111 -111 -111 -111 -111 -111 -111 -111 -111 -111 -111 -111 -111 -111 -111 -111 -111 -111
-111 -111 -111 -111 -111 -111 -111 -111 -111 -111 -111 -111 -111 -111 -111 -111 -111 -111 -111 -111 -111 -111 -111 -111 -111 4659 4355 4074 4952 5552 4497 4230 3626 3656 3509 3534 3372 3443 -111 -111 -111 -111 -111 -111 -111 -111 4850 -111 -111 -111 -111 -111 -111 -111 -111 -111 -111 -111 -111 -111 -111 -111 -111 -111 -111 -111 -111 -111 -111 -111 -111 -111 -111 -111 -111 -111 -111 -111 -111 -111 -111 -111 -111 -111 -111
-111 -111 -111 -111 -111 -111 -111 -111 -111 -111 -111 -111 -111 -111 -111 -111 -111 -111 -111 -111 -111 -111 -111 -111 -111 5123 4677 4179 5184 5695 4998 4572 4439 4251 3785 -111 -111 -111 -111 -111 -111 -111 -111 -111 -111 -111 -111 -111 -111 -111 -111 -111 -111 -111 -111 -111 -111 -111 -111 -111 -111 -111 -111 -111 -111 -111 -111 -111 -111 -111 -111 -111 -111 -111 -111 -111 -111 -111 -111 -111 -111 -111 -111 -111 -111
-111 -111 -111 -111 -111 -111 -111 -111 -111 -111 -111 -111 -111 -111 -111 -111 -111 -111 -111 -111 -111 -111 -111 -111 -111 -111 4609 4578 5245 5756 5341 4505 5255 4670 4464 -111 -111 -111 -111 -111 -111 -111 -111 -111 -111 -111 -111 -111 -111 -111 -111 -111 -111 -111 -111 -111 -111 -111 -111 -111 -111 -111 -111 -111 -111 -111 -111 -111 -111 -111 -111 -111 -111 -111 -111 -111 -111 -111 -111 -111 -111 -111 -111 -111 -111
-111 -111 -111 -111 -111 -111 -111 -111 -111 -111 -111 -111 -111 -111 -111 -111 -111 -111 -111 -111 -111 -111 -111 -111 -111 -111 4875 4909 5591 5881 5127 5100 5809 5313 5380 -111 -111 -111 -111 -111 -111 -111 -111 -111 -111 -111 -111 -111 -111 -111 -111 -111 -111 -111 -111 -111 -111 -111 -111 -111 -111 -111 -111 -111 -111 -111 -111 -111 -111 -111 -111 -111 -111 -111 -111 -111 -111 -111 -111 -111 -111 -111 -111 -111 -111
-111 -111 -111 -111 -111 -111 -111 -111 -111 -111 -111 -111 -111 -111 -111 -111 -111 -111 -111 -111 -111 -111 -111 -111 -111 -111 -111 -111 -111 5958 5697 6103 -111 -111 -111 -111 -111 -111 -111 -111 -111 -111 -111 -111 -111 -111 -111 -111 -111 -111 -111 -111 -111 -111 -111 -111 -111 -111 -111 -111 -111 -111 -111 -111 -111 -111 -111 -111 -111 -111 -111 -111 -111 -111 -111 -111 -111 -111 -111 -111 -111 -111 -111 -111 -111
-111 -111 -111 -111 -111 -111 -111 -111 -111 -111 -111 -111 -111 -111 -111 -111 -111 -111 -111 -111 -111 -111 -111 -111 -111 -111 -111 -111 -111 -111 6584 -111 -111 -111 -111 -111 -111 -111 -111 -111 -111 -111 -111 -111 -111 -111 -111 -111 -111 -111 -111 -111 -111 -111 -111 -111 -111 -111 -111 -111 -111 -111 -111 -111 -111 -111 -111 -111 -111 -111 -111 -111 -111 -111 -111 -111 -111 -111 -111 -111 -111 -111 -111 -111 -111
-111 -111 -111 -111 -111 -111 -111 -111 -111 -111 -111 -111 -111 -111 -111 -111 -111 -111 -111 -111 -111 -111 -111 -111 -111 -111 -111 -111 -111 -111 -111 -111 -111 -111 -111 -111 -111 -111 -111 -111 -111 -111 -111 -111 -111 -111 -111 -111 -111 -111 -111 -111 -111 -111 -111 -111 -111 -111 -111 -111 -111 -111 -111 -111 -111 -111 -111 -111 -111 -111 -111 -111 -111 -111 -111 -111 -111 -111 -111 -111 -111 -111 -111 -111 -111
-111 -111 -111 -111 -111 -111 -111 -111 -111 -111 -111 -111 -111 -111 -111 -111 -111 -111 -111 -111 -111 -111 -111 -111 -111 -111 -111 -111 -111 -111 -111 -111 -111 -111 -111 -111 -111 -111 -111 -111 -111 -111 -111 -111 -111 -111 -111 -111 -111 -111 -111 -111 -111 -111 -111 -111 -111 -111 -111 -111 -111 -111 -111 -111 -111 -111 -111 -111 -111 -111 -111 -111 -111 -111 -111 -111 -111 -111 -111 -111 -111 -111 -111 -111 -111
-111 -111 -111 -111 -111 -111 -111 -111 -111 -111 -111 -111 -111 -111 -111 -111 -111 -111 -111 -111 -111 -111 -111 -111 -111 -111 -111 -111 -111 -111 -111 -111 -111 -111 -111 -111 -111 -111 -111 -111 -111 -111 -111 -111 -111 -111 -111 -111 -111 -111 -111 -111 -111 -111 -111 -111 -111 -111 -111 -111 -111 -111 -111 -111 -111 -111 -111 -111 -111 -111 -111 -111 -111 -111 -111 -111 -111 -111 -111 -111 -111 -111 -111 -111 -111
-111 -111 -111 -111 -111 -111 -111 -111 -111 -111 -111 -111 -111 -111 -111 -111 -111 -111 -111 -111 -111 -111 -111 -111 -111 -111 -111 -111 -111 -111 -111 -111 -111 -111 -111 -111 -111 -111 -111 -111 -111 -111 -111 -111 -111 -111 -111 -111 -111 -111 -111 -111 -111 -111 -111 -111 -111 -111 -111 -111 -111 -111 -111 -111 -111 -111 -111 -111 -111 -111 -111 -111 -111 -111 -111 -111 -111 -111 -111 -111 -111 -111 -111 -111 -111
-111 -111 -111 -111 -111 -111 -111 -111 -111 -111 -111 -111 -111 -111 -111 -111 -111 -111 -111 -111 -111 -111 -111 -111 -111 -111 -111 -111 -111 -111 -111 -111 -111 -111 -111 -111 -111 -111 -111 -111 -111 -111 -111 -111 -111 -111 -111 -111 -111 -111 -111 -111 -111 -111 -111 -111 -111 -111 -111 -111 -111 -111 -111 -111 -111 -111 -111 -111 -111 -111 -111 -111 -111 -111 -111 -111 -111 -111 -111 -111 -111 -111 -111 -111 -111
