    -6.50000    -6.50000    -6.50000    -6.50000    -6.50000    -6.50000    -6.50000    -6.50000    -6.50000    -6.50000    -6.50000    -6.50000    -6.50000    -6.50000    -6.50000    -6.50000    -6.50000    -6.50000    -6.50000    -6.50000    -6.50000    -6.50000    -6.50000    -6.50000    -6.50000    -6.50000    -6.50000    -6.50000    -6.50000    -6.50000    -6.50000    -6.50000    -6.50000    -6.50000    -6.50000    -6.50000    -6.50000    -6.50000    -6.50000    -6.50000    -6.50000    -6.50000    -6.50000    -6.50000    -6.50000    -6.50000    -6.50000    -6.50000    -6.50000    -6.50000    -6.50000    -6.50000    -6.50000    -6.50000    -6.50000    -6.50000    -6.50000    -6.50000    -6.50000    -6.50000    -6.50000    -6.50000    -6.50000    -6.50000    -6.50000    -6.50000    -6.50000    -6.50000    -6.50000    -6.50000    -6.50000    -6.50000    -6.50000    -6.50000    -6.50000    -6.50000    -6.50000    -6.50000    -6.50000    -6.50000    -6.50000
    -6.48000    -6.48000    -6.48000    -6.48000    -6.48000    -6.48000    -6.48000    -6.48000    -6.48000    -6.48000    -6.48000    -6.48000    -6.48000    -6.48000    -6.48000    -6.48000    -6.48000    -6.48000    -6.48000    -6.48000    -6.48000    -6.48000    -6.48000    -6.48000    -6.48000    -6.48000    -6.48000    -6.48000    -6.48000    -6.48000    -6.48000    -6.48000    -6.48000    -6.48000    -6.48000    -6.48000    -6.48000    -6.48000    -6.48000    -6.48000    -6.48000    -6.48000    -6.48000    -6.48000    -6.48000    -6.48000    -6.48000    -6.48000    -6.48000    -6.48000    -6.48000    -6.48000    -6.48000    -6.48000    -6.48000    -6.48000    -6.48000    -6.48000    -6.48000    -6.48000    -6.48000    -6.48000    -6.48000    -6.48000    -6.48000    -6.48000    -6.48000    -6.48000    -6.48000    -6.48000    -6.48000    -6.48000    -6.48000    -6.48000    -6.48000    -6.48000    -6.48000    -6.48000    -6.48000    -6.48000    -6.48000
    -6.46000    -6.46000    -6.46000    -6.46000    -6.46000    -6.46000    -6.46000    -6.46000    -6.46000    -6.46000    -6.46000    -6.46000    -6.46000    -6.46000    -6.46000    -6.46000    -6.46000    -6.46000    -6.46000    -6.46000    -6.46000    -6.46000    -6.46000    -6.46000    -6.46000    -6.46000    -6.46000    -6.46000    -6.46000    -6.46000    -6.46000    -6.46000    -6.46000    -6.46000    -6.46000    -6.46000    -6.46000    -6.46000    -6.46000    -6.46000    -6.46000    -6.46000    -6.46000    -6.46000    -6.46000    -6.46000    -6.46000    -6.46000    -6.46000    -6.46000    -6.46000    -6.46000    -6.46000    -6.46000    -6.46000    -6.46000    -6.46000    -6.46000    -6.46000    -6.46000    -6.46000    -6.46000    -6.46000    -6.46000    -6.46000    -6.46000    -6.46000    -6.46000    -6.46000    -6.46000    -6.46000    -6.46000    -6.46000    -6.46000    -6.46000    -6.46000    -6.46000    -6.46000    -6.46000    -6.46000    -6.46000
    -6.44000    -6.44000    -6.44000    -6.44000    -6.44000    -6.44000    -6.44000    -6.44000    -6.44000    -6.44000    -6.44000    -6.44000    -6.44000    -6.44000    -6.44000    -6.44000    -6.44000    -6.44000    -6.44000    -6.44000    -6.44000    -6.44000    -6.44000    -6.44000    -6.44000    -6.44000    -6.44000    -6.44000    -6.44000    -6.44000    -6.44000    -6.44000    -6.44000    -6.44000    -6.44000    -6.44000    -6.44000    -6.44000    -6.44000    -6.44000    -6.44000    -6.44000    -6.44000    -6.44000    -6.44000    -6.44000    -6.44000    -6.44000    -6.44000    -6.44000    -6.44000    -6.44000    -6.44000    -6.44000    -6.44000    -6.44000    -6.44000    -6.44000    -6.44000    -6.44000    -6.44000    -6.44000    -6.44000    -6.44000    -6.44000    -6.44000    -6.44000    -6.44000    -6.44000    -6.44000    -6.44000    -6.44000    -6.44000    -6.44000    -6.44000    -6.44000    -6.44000    -6.44000    -6.44000    -6.44000    -6.44000
    -6.42000    -6.42000    -6.42000    -6.42000    -6.42000    -6.42000    -6.42000    -6.42000    -6.42000    -6.42000    -6.42000    -6.42000    -6.42000    -6.42000    -6.42000    -6.42000    -6.42000    -6.42000    -6.42000    -6.42000    -6.42000    -6.42000    -6.42000    -6.42000    -6.42000    -6.42000    -6.42000    -6.42000    -6.42000    -6.42000    -6.42000    -6.42000    -6.42000    -6.42000    -6.42000    -6.42000    -6.42000    -6.42000    -6.42000    -6.42000    -6.42000    -6.42000    -6.42000    -6.42000    -6.42000    -6.42000    -6.42000    -6.42000    -6.42000    -6.42000    -6.42000    -6.42000    -6.42000    -6.42000    -6.42000    -6.42000    -6.42000    -6.42000    -6.42000    -6.42000    -6.42000    -6.42000    -6.42000    -6.42000    -6.42000    -6.42000    -6.42000    -6.42000    -6.42000    -6.42000    -6.42000    -6.42000    -6.42000    -6.42000    -6.42000    -6.42000    -6.42000    -6.42000    -6.42000    -6.42000    -6.42000
    -6.40000    -6.40000    -6.40000    -6.40000    -6.40000    -6.40000    -6.40000    -6.40000    -6.40000    -6.40000    -6.40000    -6.40000    -6.40000    -6.40000    -6.40000    -6.40000    -6.40000    -6.40000    -6.40000    -6.40000    -6.40000    -6.40000    -6.40000    -6.40000    -6.40000    -6.40000    -6.40000    -6.40000    -6.40000    -6.40000    -6.40000    -6.40000    -6.40000    -6.40000    -6.40000    -6.40000    -6.40000    -6.40000    -6.40000    -6.40000    -6.40000    -6.40000    -6.40000    -6.40000    -6.40000    -6.40000    -6.40000    -6.40000    -6.40000    -6.40000    -6.40000    -6.40000    -6.40000    -6.40000    -6.40000    -6.40000    -6.40000    -6.40000    -6.40000    -6.40000    -6.40000    -6.40000    -6.40000    -6.40000    -6.40000    -6.40000    -6.40000    -6.40000    -6.40000    -6.40000    -6.40000    -6.40000    -6.40000    -6.40000    -6.40000    -6.40000    -6.40000    -6.40000    -6.40000    -6.40000    -6.40000
    -6.38000    -6.38000    -6.38000    -6.38000    -6.38000    -6.38000    -6.38000    -6.38000    -6.38000    -6.38000    -6.38000    -6.38000    -6.38000    -6.38000    -6.38000    -6.38000    -6.38000    -6.38000    -6.38000    -6.38000    -6.38000    -6.38000    -6.38000    -6.38000    -6.38000    -6.38000    -6.38000    -6.38000    -6.38000    -6.38000    -6.38000    -6.38000    -6.38000    -6.38000    -6.38000    -6.38000    -6.38000    -6.38000    -6.38000    -6.38000    -6.38000    -6.38000    -6.38000    -6.38000    -6.38000    -6.38000    -6.38000    -6.38000    -6.38000    -6.38000    -6.38000    -6.38000    -6.38000    -6.38000    -6.38000    -6.38000    -6.38000    -6.38000    -6.38000    -6.38000    -6.38000    -6.38000    -6.38000    -6.38000    -6.38000    -6.38000    -6.38000    -6.38000    -6.38000    -6.38000    -6.38000    -6.38000    -6.38000    -6.38000    -6.38000    -6.38000    -6.38000    -6.38000    -6.38000    -6.38000    -6.38000
    -6.36000    -6.36000    -6.36000    -6.36000    -6.36000    -6.36000    -6.36000    -6.36000    -6.36000    -6.36000    -6.36000    -6.36000    -6.36000    -6.36000    -6.36000    -6.36000    -6.36000    -6.36000    -6.36000    -6.36000    -6.36000    -6.36000    -6.36000    -6.36000    -6.36000    -6.36000    -6.36000    -6.36000    -6.36000    -6.36000    -6.36000    -6.36000    -6.36000    -6.36000    -6.36000    -6.36000    -6.36000    -6.36000    -6.36000    -6.36000    -6.36000    -6.36000    -6.36000    -6.36000    -6.36000    -6.36000    -6.36000    -6.36000    -6.36000    -6.36000    -6.36000    -6.36000    -6.36000    -6.36000    -6.36000    -6.36000    -6.36000    -6.36000    -6.36000    -6.36000    -6.36000    -6.36000    -6.36000    -6.36000    -6.36000    -6.36000    -6.36000    -6.36000    -6.36000    -6.36000    -6.36000    -6.36000    -6.36000    -6.36000    -6.36000    -6.36000    -6.36000    -6.36000    -6.36000    -6.36000    -6.36000
    -6.34000    -6.34000    -6.34000    -6.34000    -6.34000    -6.34000    -6.34000    -6.34000    -6.34000    -6.34000    -6.34000    -6.34000    -6.34000    -6.34000    -6.34000    -6.34000    -6.34000    -6.34000    -6.34000    -6.34000    -6.34000    -6.34000    -6.34000    -6.34000    -6.34000    -6.34000    -6.34000    -6.34000    -6.34000    -6.34000    -6.34000    -6.34000    -6.34000    -6.34000    -6.34000    -6.34000    -6.34000    -6.34000    -6.34000    -6.34000    -6.34000    -6.34000    -6.34000    -6.34000    -6.34000    -6.34000    -6.34000    -6.34000    -6.34000    -6.34000    -6.34000    -6.34000    -6.34000    -6.34000    -6.34000    -6.34000    -6.34000    -6.34000    -6.34000    -6.34000    -6.34000    -6.34000    -6.34000    -6.34000    -6.34000    -6.34000    -6.34000    -6.34000    -6.34000    -6.34000    -6.34000    -6.34000    -6.34000    -6.34000    -6.34000    -6.34000    -6.34000    -6.34000    -6.34000    -6.34000    -6.34000
    -6.32000    -6.32000    -6.32000    -6.32000    -6.32000    -6.32000    -6.32000    -6.32000    -6.32000    -6.32000    -6.32000    -6.32000    -6.32000    -6.32000    -6.32000    -6.32000    -6.32000    -6.32000    -6.32000    -6.32000    -6.32000    -6.32000    -6.32000    -6.32000    -6.32000    -6.32000    -6.32000    -6.32000    -6.32000    -6.32000    -6.32000    -6.32000    -6.32000    -6.32000    -6.32000    -6.32000    -6.32000    -6.32000    -6.32000    -6.32000    -6.32000    -6.32000    -6.32000    -6.32000    -6.32000    -6.32000    -6.32000    -6.32000    -6.32000    -6.32000    -6.32000    -6.32000    -6.32000    -6.32000    -6.32000    -6.32000    -6.32000    -6.32000    -6.32000    -6.32000    -6.32000    -6.32000    -6.32000    -6.32000    -6.32000    -6.32000    -6.32000    -6.32000    -6.32000    -6.32000    -6.32000    -6.32000    -6.32000    -6.32000    -6.32000    -6.32000    -6.32000    -6.32000    -6.32000    -6.32000    -6.32000
    -6.30000    -6.30000    -6.30000    -6.30000    -6.30000    -6.30000    -6.30000    -6.30000    -6.30000    -6.30000    -6.30000    -6.30000    -6.30000    -6.30000    -6.30000    -6.30000    -6.30000    -6.30000    -6.30000    -6.30000    -6.30000    -6.30000    -6.30000    -6.30000    -6.30000    -6.30000    -6.30000    -6.30000    -6.30000    -6.30000    -6.30000    -6.30000    -6.30000    -6.30000    -6.30000    -6.30000    -6.30000    -6.30000    -6.30000    -6.30000    -6.30000    -6.30000    -6.30000    -6.30000    -6.30000    -6.30000    -6.30000    -6.30000    -6.30000    -6.30000    -6.30000    -6.30000    -6.30000    -6.30000    -6.30000    -6.30000    -6.30000    -6.30000    -6.30000    -6.30000    -6.30000    -6.30000    -6.30000    -6.30000    -6.30000    -6.30000    -6.30000    -6.30000    -6.30000    -6.30000    -6.30000    -6.30000    -6.30000    -6.30000    -6.30000    -6.30000    -6.30000    -6.30000    -6.30000    -6.30000    -6.30000
    -6.28000    -6.28000    -6.28000    -6.28000    -6.28000    -6.28000    -6.28000    -6.28000    -6.28000    -6.28000    -6.28000    -6.28000    -6.28000    -6.28000    -6.28000    -6.28000    -6.28000    -6.28000    -6.28000    -6.28000    -6.28000    -6.28000    -6.28000    -6.28000    -6.28000    -6.28000    -6.28000    -6.28000    -6.28000    -6.28000    -6.28000    -6.28000    -6.28000    -6.28000    -6.28000    -6.28000    -6.28000    -6.28000    -6.28000    -6.28000    -6.28000    -6.28000    -6.28000    -6.28000    -6.28000    -6.28000    -6.28000    -6.28000    -6.28000    -6.28000    -6.28000    -6.28000    -6.28000    -6.28000    -6.28000    -6.28000    -6.28000    -6.28000    -6.28000    -6.28000    -6.28000    -6.28000    -6.28000    -6.28000    -6.28000    -6.28000    -6.28000    -6.28000    -6.28000    -6.28000    -6.28000    -6.28000    -6.28000    -6.28000    -6.28000    -6.28000    -6.28000    -6.28000    -6.28000    -6.28000    -6.28000
    -6.26000    -6.26000    -6.26000    -6.26000    -6.26000    -6.26000    -6.26000    -6.26000    -6.26000    -6.26000    -6.26000    -6.26000    -6.26000    -6.26000    -6.26000    -6.26000    -6.26000    -6.26000    -6.26000    -6.26000    -6.26000    -6.26000    -6.26000    -6.26000    -6.26000    -6.26000    -6.26000    -6.26000    -6.26000    -6.26000    -6.26000    -6.26000    -6.26000    -6.26000    -6.26000    -6.26000    -6.26000    -6.26000    -6.26000    -6.26000    -6.26000    -6.26000    -6.26000    -6.26000    -6.26000    -6.26000    -6.26000    -6.26000    -6.26000    -6.26000    -6.26000    -6.26000    -6.26000    -6.26000    -6.26000    -6.26000    -6.26000    -6.26000    -6.26000    -6.26000    -6.26000    -6.26000    -6.26000    -6.26000    -6.26000    -6.26000    -6.26000    -6.26000    -6.26000    -6.26000    -6.26000    -6.26000    -6.26000    -6.26000    -6.26000    -6.26000    -6.26000    -6.26000    -6.26000    -6.26000    -6.26000
    -6.24000    -6.24000    -6.24000    -6.24000    -6.24000    -6.24000    -6.24000    -6.24000    -6.24000    -6.24000    -6.24000    -6.24000    -6.24000    -6.24000    -6.24000    -6.24000    -6.24000    -6.24000    -6.24000    -6.24000    -6.24000    -6.24000    -6.24000    -6.24000    -6.24000    -6.24000    -6.24000    -6.24000    -6.24000    -6.24000    -6.24000    -6.24000    -6.24000    -6.24000    -6.24000    -6.24000    -6.24000    -6.24000    -6.24000    -6.24000    -6.24000    -6.24000    -6.24000    -6.24000    -6.24000    -6.24000    -6.24000    -6.24000    -6.24000    -6.24000    -6.24000    -6.24000    -6.24000    -6.24000    -6.24000    -6.24000    -6.24000    -6.24000    -6.24000    -6.24000    -6.24000    -6.24000    -6.24000    -6.24000    -6.24000    -6.24000    -6.24000    -6.24000    -6.24000    -6.24000    -6.24000    -6.24000    -6.24000    -6.24000    -6.24000    -6.24000    -6.24000    -6.24000    -6.24000    -6.24000    -6.24000
    -6.22000    -6.22000    -6.22000    -6.22000    -6.22000    -6.22000    -6.22000    -6.22000    -6.22000    -6.22000    -6.22000    -6.22000    -6.22000    -6.22000    -6.22000    -6.22000    -6.22000    -6.22000    -6.22000    -6.22000    -6.22000    -6.22000    -6.22000    -6.22000    -6.22000    -6.22000    -6.22000    -6.22000    -6.22000    -6.22000    -6.22000    -6.22000    -6.22000    -6.22000    -6.22000    -6.22000    -6.22000    -6.22000    -6.22000    -6.22000    -6.22000    -6.22000    -6.22000    -6.22000    -6.22000    -6.22000    -6.22000    -6.22000    -6.22000    -6.22000    -6.22000    -6.22000    -6.22000    -6.22000    -6.22000    -6.22000    -6.22000    -6.22000    -6.22000    -6.22000    -6.22000    -6.22000    -6.22000    -6.22000    -6.22000    -6.22000    -6.22000    -6.22000    -6.22000    -6.22000    -6.22000    -6.22000    -6.22000    -6.22000    -6.22000    -6.22000    -6.22000    -6.22000    -6.22000    -6.22000    -6.22000
    53.80000    52.80000    51.80000    50.80000    49.80000    48.80000    47.80000    46.80000    45.80000    44.80000    43.80000    42.80000    41.80000    40.80000    39.80000    38.80000    37.80000    36.80000    35.80000    34.80000    33.80000    32.80000    31.80000    30.80000    29.80000    28.80000    27.80000    26.80000    25.80000    24.80000    23.80000    22.80000    21.80000    20.80000    19.80000    18.80000    17.80000    16.80000    15.80000    14.80000    13.80000    14.80000    15.80000    16.80000    17.80000    18.80000    19.80000    20.80000    21.80000    22.80000    23.80000    24.80000    25.80000    26.80000    27.80000    28.80000    29.80000    30.80000    31.80000    32.80000    33.80000    34.80000    35.80000    36.80000    37.80000    38.80000    39.80000    40.80000    41.80000    42.80000    43.80000    44.80000    45.80000    46.80000    47.80000    48.80000    49.80000    50.80000    51.80000    52.80000    53.80000
    54.20000    53.20000    52.20000    51.20000    50.20000    49.20000    48.20000    47.20000    46.20000    45.20000    44.20000    43.20000    42.20000    41.20000    40.20000    39.20000    38.20000    37.20000    36.20000    35.20000    34.20000    33.20000    32.20000    31.20000    30.20000    29.20000    28.20000    27.20000    26.20000    25.20000    24.20000    23.20000    22.20000    21.20000    20.20000    19.20000    18.20000    17.20000    16.20000    15.20000    14.20000    15.20000    16.20000    17.20000    18.20000    19.20000    20.20000    21.20000    22.20000    23.20000    24.20000    25.20000    26.20000    27.20000    28.20000    29.20000    30.20000    31.20000    32.20000    33.20000    34.20000    35.20000    36.20000    37.20000    38.20000    39.20000    40.20000    41.20000    42.20000    43.20000    44.20000    45.20000    46.20000    47.20000    48.20000    49.20000    50.20000    51.20000    52.20000    53.20000    54.20000
    54.60000    53.60000    52.60000    51.60000    50.60000    49.60000    48.60000    47.60000    46.60000    45.60000    44.60000    43.60000    42.60000    41.60000    40.60000    39.60000    38.60000    37.60000    36.60000    35.60000    34.60000    33.60000    32.60000    31.60000    30.60000    29.60000    28.60000    27.60000    26.60000    25.60000    24.60000    23.60000    22.60000    21.60000    20.60000    19.60000    18.60000    17.60000    16.60000    15.60000    14.60000    15.60000    16.60000    17.60000    18.60000    19.60000    20.60000    21.60000    22.60000    23.60000    24.60000    25.60000    26.60000    27.60000    28.60000    29.60000    30.60000    31.60000    32.60000    33.60000    34.60000    35.60000    36.60000    37.60000    38.60000    39.60000    40.60000    41.60000    42.60000    43.60000    44.60000    45.60000    46.60000    47.60000    48.60000    49.60000    50.60000    51.60000    52.60000    53.60000    54.60000
    55.00000    54.00000    53.00000    52.00000    51.00000    50.00000    49.00000    48.00000    47.00000    46.00000    45.00000    44.00000    43.00000    42.00000    41.00000    40.00000    39.00000    38.00000    37.00000    36.00000    35.00000    34.00000    33.00000    32.00000    31.00000    30.00000    29.00000    28.00000    27.00000    26.00000    25.00000    24.00000    23.00000    22.00000    21.00000    20.00000    19.00000    18.00000    17.00000    16.00000    15.00000    16.00000    17.00000    18.00000    19.00000    20.00000    21.00000    22.00000    23.00000    24.00000    25.00000    26.00000    27.00000    28.00000    29.00000    30.00000    31.00000    32.00000    33.00000    34.00000    35.00000    36.00000    37.00000    38.00000    39.00000    40.00000    41.00000    42.00000    43.00000    44.00000    45.00000    46.00000    47.00000    48.00000    49.00000    50.00000    51.00000    52.00000    53.00000    54.00000    55.00000
    55.40000    54.40000    53.40000    52.40000    51.40000    50.40000    49.40000    48.40000    47.40000    46.40000    45.40000    44.40000    43.40000    42.40000    41.40000    40.40000    39.40000    38.40000    37.40000    36.40000    35.40000    34.40000    33.40000    32.40000    31.40000    30.40000    29.40000    28.40000    27.40000    26.40000    25.40000    24.40000    23.40000    22.40000    21.40000    20.40000    19.40000    18.40000    17.40000    16.40000    15.40000    16.40000    17.40000    18.40000    19.40000    20.40000    21.40000    22.40000    23.40000    24.40000    25.40000    26.40000    27.40000    28.40000    29.40000    30.40000    31.40000    32.40000    33.40000    34.40000    35.40000    36.40000    37.40000    38.40000    39.40000    40.40000    41.40000    42.40000    43.40000    44.40000    45.40000    46.40000    47.40000    48.40000    49.40000    50.40000    51.40000    52.40000    53.40000    54.40000    55.40000
    55.80000    54.80000    53.80000    52.80000    51.80000    50.80000    49.80000    48.80000    47.80000    46.80000    45.80000    44.80000    43.80000    42.80000    41.80000    40.80000    39.80000    38.80000    37.80000    36.80000    35.80000    34.80000    33.80000    32.80000    31.80000    30.80000    29.80000    28.80000    27.80000    26.80000    25.80000    24.80000    23.80000    22.80000    21.80000    20.80000    19.80000    18.80000    17.80000    16.80000    15.80000    16.80000    17.80000    18.80000    19.80000    20.80000    21.80000    22.80000    23.80000    24.80000    25.80000    26.80000    27.80000    28.80000    29.80000    30.80000    31.80000    32.80000    33.80000    34.80000    35.80000    36.80000    37.80000    38.80000    39.80000    40.80000    41.80000    42.80000    43.80000    44.80000    45.80000    46.80000    47.80000    48.80000    49.80000    50.80000    51.80000    52.80000    53.80000    54.80000    55.80000
    56.20000    55.20000    54.20000    53.20000    52.20000    51.20000    50.20000    49.20000    48.20000    47.20000    46.20000    45.20000    44.20000    43.20000    42.20000    41.20000    40.20000    39.20000    38.20000    37.20000    36.20000    35.20000    34.20000    33.20000    32.20000    31.20000    30.20000    29.20000    28.20000    27.20000    26.20000    25.20000    24.20000    23.20000    22.20000    21.20000    20.20000    19.20000    18.20000    17.20000    16.20000    17.20000    18.20000    19.20000    20.20000    21.20000    22.20000    23.20000    24.20000    25.20000    26.20000    27.20000    28.20000    29.20000    30.20000    31.20000    32.20000    33.20000    34.20000    35.20000    36.20000    37.20000    38.20000    39.20000    40.20000    41.20000    42.20000    43.20000    44.20000    45.20000    46.20000    47.20000    48.20000    49.20000    50.20000    51.20000    52.20000    53.20000    54.20000    55.20000    56.20000
    56.60000    55.60000    54.60000    53.60000    52.60000    51.60000    50.60000    49.60000    48.60000    47.60000    46.60000    45.60000    44.60000    43.60000    42.60000    41.60000    40.60000    39.60000    38.60000    37.60000    36.60000    35.60000    34.60000    33.60000    32.60000    31.60000    30.60000    29.60000    28.60000    27.60000    26.60000    25.60000    24.60000    23.60000    22.60000    21.60000    20.60000    19.60000    18.60000    17.60000    16.60000    17.60000    18.60000    19.60000    20.60000    21.60000    22.60000    23.60000    24.60000    25.60000    26.60000    27.60000    28.60000    29.60000    30.60000    31.60000    32.60000    33.60000    34.60000    35.60000    36.60000    37.60000    38.60000    39.60000    40.60000    41.60000    42.60000    43.60000    44.60000    45.60000    46.60000    47.60000    48.60000    49.60000    50.60000    51.60000    52.60000    53.60000    54.60000    55.60000    56.60000
    57.00000    56.00000    55.00000    54.00000    53.00000    52.00000    51.00000    50.00000    49.00000    48.00000    47.00000    46.00000    45.00000    44.00000    43.00000    42.00000    41.00000    40.00000    39.00000    38.00000    37.00000    36.00000    35.00000    34.00000    33.00000    32.00000    31.00000    30.00000    29.00000    28.00000    27.00000    26.00000    25.00000    24.00000    23.00000    22.00000    21.00000    20.00000    19.00000    18.00000    17.00000    18.00000    19.00000    20.00000    21.00000    22.00000    23.00000    24.00000    25.00000    26.00000    27.00000    28.00000    29.00000    30.00000    31.00000    32.00000    33.00000    34.00000    35.00000    36.00000    37.00000    38.00000    39.00000    40.00000    41.00000    42.00000    43.00000    44.00000    45.00000    46.00000    47.00000    48.00000    49.00000    50.00000    51.00000    52.00000    53.00000    54.00000    55.00000    56.00000    57.00000
    57.40000    56.40000    55.40000    54.40000    53.40000    52.40000    51.40000    50.40000    49.40000    48.40000    47.40000    46.40000    45.40000    44.40000    43.40000    42.40000    41.40000    40.40000    39.40000    38.40000    37.40000    36.40000    35.40000    34.40000    33.40000    32.40000    31.40000    30.40000    29.40000    28.40000    27.40000    26.40000    25.40000    24.40000    23.40000    22.40000    21.40000    20.40000    19.40000    18.40000    17.40000    18.40000    19.40000    20.40000    21.40000    22.40000    23.40000    24.40000    25.40000    26.40000    27.40000    28.40000    29.40000    30.40000    31.40000    32.40000    33.40000    34.40000    35.40000    36.40000    37.40000    38.40000    39.40000    40.40000    41.40000    42.40000    43.40000    44.40000    45.40000    46.40000    47.40000    48.40000    49.40000    50.40000    51.40000    52.40000    53.40000    54.40000    55.40000    56.40000    57.40000
    57.80000    56.80000    55.80000    54.80000    53.80000    52.80000    51.80000    50.80000    49.80000    48.80000    47.80000    46.80000    45.80000    44.80000    43.80000    42.80000    41.80000    40.80000    39.80000    38.80000    37.80000    36.80000    35.80000    34.80000    33.80000    32.80000    31.80000    30.80000    29.80000    28.80000    27.80000    26.80000    25.80000    24.80000    23.80000    22.80000    21.80000    20.80000    19.80000    18.80000    17.80000    18.80000    19.80000    20.80000    21.80000    22.80000    23.80000    24.80000    25.80000    26.80000    27.80000    28.80000    29.80000    30.80000    31.80000    32.80000    33.80000    34.80000    35.80000    36.80000    37.80000    38.80000    39.80000    40.80000    41.80000    42.80000    43.80000    44.80000    45.80000    46.80000    47.80000    48.80000    49.80000    50.80000    51.80000    52.80000    53.80000    54.80000    55.80000    56.80000    57.80000
    58.20000    57.20000    56.20000    55.20000    54.20000    53.20000    52.20000    51.20000    50.20000    49.20000    48.20000    47.20000    46.20000    45.20000    44.20000    43.20000    42.20000    41.20000    40.20000    39.20000    38.20000    37.20000    36.20000    35.20000    34.20000    33.20000    32.20000    31.20000    30.20000    29.20000    28.20000    27.20000    26.20000    25.20000    24.20000    23.20000    22.20000    21.20000    20.20000    19.20000    18.20000    19.20000    20.20000    21.20000    22.20000    23.20000    24.20000    25.20000    26.20000    27.20000    28.20000    29.20000    30.20000    31.20000    32.20000    33.20000    34.20000    35.20000    36.20000    37.20000    38.20000    39.20000    40.20000    41.20000    42.20000    43.20000    44.20000    45.20000    46.20000    47.20000    48.20000    49.20000    50.20000    51.20000    52.20000    53.20000    54.20000    55.20000    56.20000    57.20000    58.20000
    58.60000    57.60000    56.60000    55.60000    54.60000    53.60000    52.60000    51.60000    50.60000    49.60000    48.60000    47.60000    46.60000    45.60000    44.60000    43.60000    42.60000    41.60000    40.60000    39.60000    38.60000    37.60000    36.60000    35.60000    34.60000    33.60000    32.60000    31.60000    30.60000    29.60000    28.60000    27.60000    26.60000    25.60000    24.60000    23.60000    22.60000    21.60000    20.60000    19.60000    18.60000    19.60000    20.60000    21.60000    22.60000    23.60000    24.60000    25.60000    26.60000    27.60000    28.60000    29.60000    30.60000    31.60000    32.60000    33.60000    34.60000    35.60000    36.60000    37.60000    38.60000    39.60000    40.60000    41.60000    42.60000    43.60000    44.60000    45.60000    46.60000    47.60000    48.60000    49.60000    50.60000    51.60000    52.60000    53.60000    54.60000    55.60000    56.60000    57.60000    58.60000
    59.00000    58.00000    57.00000    56.00000    55.00000    54.00000    53.00000    52.00000    51.00000    50.00000    49.00000    48.00000    47.00000    46.00000    45.00000    44.00000    43.00000    42.00000    41.00000    40.00000    39.00000    38.00000    37.00000    36.00000    35.00000    34.00000    33.00000    32.00000    31.00000    30.00000    29.00000    28.00000    27.00000    26.00000    25.00000    24.00000    23.00000    22.00000    21.00000    20.00000    19.00000    20.00000    21.00000    22.00000    23.00000    24.00000    25.00000    26.00000    27.00000    28.00000    29.00000    30.00000    31.00000    32.00000    33.00000    34.00000    35.00000    36.00000    37.00000    38.00000    39.00000    40.00000    41.00000    42.00000    43.00000    44.00000    45.00000    46.00000    47.00000    48.00000    49.00000    50.00000    51.00000    52.00000    53.00000    54.00000    55.00000    56.00000    57.00000    58.00000    59.00000
    59.40000    58.40000    57.40000    56.40000    55.40000    54.40000    53.40000    52.40000    51.40000    50.40000    49.40000    48.40000    47.40000    46.40000    45.40000    44.40000    43.40000    42.40000    41.40000    40.40000    39.40000    38.40000    37.40000    36.40000    35.40000    34.40000    33.40000    32.40000    31.40000    30.40000    29.40000    28.40000    27.40000    26.40000    25.40000    24.40000    23.40000    22.40000    21.40000    20.40000    19.40000    20.40000    21.40000    22.40000    23.40000    24.40000    25.40000    26.40000    27.40000    28.40000    29.40000    30.40000    31.40000    32.40000    33.40000    34.40000    35.40000    36.40000    37.40000    38.40000    39.40000    40.40000    41.40000    42.40000    43.40000    44.40000    45.40000    46.40000    47.40000    48.40000    49.40000    50.40000    51.40000    52.40000    53.40000    54.40000    55.40000    56.40000    57.40000    58.40000    59.40000
    59.80000    58.80000    57.80000    56.80000    55.80000    54.80000    53.80000    52.80000    51.80000    50.80000    49.80000    48.80000    47.80000    46.80000    45.80000    44.80000    43.80000    42.80000    41.80000    40.80000    39.80000    38.80000    37.80000    36.80000    35.80000    34.80000    33.80000    32.80000    31.80000    30.80000    29.80000    28.80000    27.80000    26.80000    25.80000    24.80000    23.80000    22.80000    21.80000    20.80000    19.80000    20.80000    21.80000    22.80000    23.80000    24.80000    25.80000    26.80000    27.80000    28.80000    29.80000    30.80000    31.80000    32.80000    33.80000    34.80000    35.80000    36.80000    37.80000    38.80000    39.80000    40.80000    41.80000    42.80000    43.80000    44.80000    45.80000    46.80000    47.80000    48.80000    49.80000    50.80000    51.80000    52.80000    53.80000    54.80000    55.80000    56.80000    57.80000    58.80000    59.80000
    60.20000    59.20000    58.20000    57.20000    56.20000    55.20000    54.20000    53.20000    52.20000    51.20000    50.20000    49.20000    48.20000    47.20000    46.20000    45.20000    44.20000    43.20000    42.20000    41.20000    40.20000    39.20000    38.20000    37.20000    36.20000    35.20000    34.20000    33.20000    32.20000    31.20000    30.20000    29.20000    28.20000    27.20000    26.20000    25.20000    24.20000    23.20000    22.20000    21.20000    20.20000    21.20000    22.20000    23.20000    24.20000    25.20000    26.20000    27.20000    28.20000    29.20000    30.20000    31.20000    32.20000    33.20000    34.20000    35.20000    36.20000    37.20000    38.20000    39.20000    40.20000    41.20000    42.20000    43.20000    44.20000    45.20000    46.20000    47.20000    48.20000    49.20000    50.20000    51.20000    52.20000    53.20000    54.20000    55.20000    56.20000    57.20000    58.20000    59.20000    60.20000
    60.60000    59.60000    58.60000    57.60000    56.60000    55.60000    54.60000    53.60000    52.60000    51.60000    50.60000    49.60000    48.60000    47.60000    46.60000    45.60000    44.60000    43.60000    42.60000    41.60000    40.60000    39.60000    38.60000    37.60000    36.60000    35.60000    34.60000    33.60000    32.60000    31.60000    30.60000    29.60000    28.60000    27.60000    26.60000    25.60000    24.60000    23.60000    22.60000    21.60000    20.60000    21.60000    22.60000    23.60000    24.60000    25.60000    26.60000    27.60000    28.60000    29.60000    30.60000    31.60000    32.60000    33.60000    34.60000    35.60000    36.60000    37.60000    38.60000    39.60000    40.60000    41.60000    42.60000    43.60000    44.60000    45.60000    46.60000    47.60000    48.60000    49.60000    50.60000    51.60000    52.60000    53.60000    54.60000    55.60000    56.60000    57.60000    58.60000    59.60000    60.60000
    61.00000    60.00000    59.00000    58.00000    57.00000    56.00000    55.00000    54.00000    53.00000    52.00000    51.00000    50.00000    49.00000    48.00000    47.00000    46.00000    45.00000    44.00000    43.00000    42.00000    41.00000    40.00000    39.00000    38.00000    37.00000    36.00000    35.00000    34.00000    33.00000    32.00000    31.00000    30.00000    29.00000    28.00000    27.00000    26.00000    25.00000    24.00000    23.00000    22.00000    21.00000    22.00000    23.00000    24.00000    25.00000    26.00000    27.00000    28.00000    29.00000    30.00000    31.00000    32.00000    33.00000    34.00000    35.00000    36.00000    37.00000    38.00000    39.00000    40.00000    41.00000    42.00000    43.00000    44.00000    45.00000    46.00000    47.00000    48.00000    49.00000    50.00000    51.00000    52.00000    53.00000    54.00000    55.00000    56.00000    57.00000    58.00000    59.00000    60.00000    61.00000
    61.40000    60.40000    59.40000    58.40000    57.40000    56.40000    55.40000    54.40000    53.40000    52.40000    51.40000    50.40000    49.40000    48.40000    47.40000    46.40000    45.40000    44.40000    43.40000    42.40000    41.40000    40.40000    39.40000    38.40000    37.40000    36.40000    35.40000    34.40000    33.40000    32.40000    31.40000    30.40000    29.40000    28.40000    27.40000    26.40000    25.40000    24.40000    23.40000    22.40000    21.40000    22.40000    23.40000    24.40000    25.40000    26.40000    27.40000    28.40000    29.40000    30.40000    31.40000    32.40000    33.40000    34.40000    35.40000    36.40000    37.40000    38.40000    39.40000    40.40000    41.40000    42.40000    43.40000    44.40000    45.40000    46.40000    47.40000    48.40000    49.40000    50.40000    51.40000    52.40000    53.40000    54.40000    55.40000    56.40000    57.40000    58.40000    59.40000    60.40000    61.40000
    61.80000    60.80000    59.80000    58.80000    57.80000    56.80000    55.80000    54.80000    53.80000    52.80000    51.80000    50.80000    49.80000    48.80000    47.80000    46.80000    45.80000    44.80000    43.80000    42.80000    41.80000    40.80000    39.80000    38.80000    37.80000    36.80000    35.80000    34.80000    33.80000    32.80000    31.80000    30.80000    29.80000    28.80000    27.80000    26.80000    25.80000    24.80000    23.80000    22.80000    21.80000    22.80000    23.80000    24.80000    25.80000    26.80000    27.80000    28.80000    29.80000    30.80000    31.80000    32.80000    33.80000    34.80000    35.80000    36.80000    37.80000    38.80000    39.80000    40.80000    41.80000    42.80000    43.80000    44.80000    45.80000    46.80000    47.80000    48.80000    49.80000    50.80000    51.80000    52.80000    53.80000    54.80000    55.80000    56.80000    57.80000    58.80000    59.80000    60.80000    61.80000
    62.20000    61.20000    60.20000    59.20000    58.20000    57.20000    56.20000    55.20000    54.20000    53.20000    52.20000    51.20000    50.20000    49.20000    48.20000    47.20000    46.20000    45.20000    44.20000    43.20000    42.20000    41.20000    40.20000    39.20000    38.20000    37.20000    36.20000    35.20000    34.20000    33.20000    32.20000    31.20000    30.20000    29.20000    28.20000    27.20000    26.20000    25.20000    24.20000    23.20000    22.20000    23.20000    24.20000    25.20000    26.20000    27.20000    28.20000    29.20000    30.20000    31.20000    32.20000    33.20000    34.20000    35.20000    36.20000    37.20000    38.20000    39.20000    40.20000    41.20000    42.20000    43.20000    44.20000    45.20000    46.20000    47.20000    48.20000    49.20000    50.20000    51.20000    52.20000    53.20000    54.20000    55.20000    56.20000    57.20000    58.20000    59.20000    60.20000    61.20000    62.20000
    62.60000    61.60000    60.60000    59.60000    58.60000    57.60000    56.60000    55.60000    54.60000    53.60000    52.60000    51.60000    50.60000    49.60000    48.60000    47.60000    46.60000    45.60000    44.60000    43.60000    42.60000    41.60000    40.60000    39.60000    38.60000    37.60000    36.60000    35.60000    34.60000    33.60000    32.60000    31.60000    30.60000    29.60000    28.60000    27.60000    26.60000    25.60000    24.60000    23.60000    22.60000    23.60000    24.60000    25.60000    26.60000    27.60000    28.60000    29.60000    30.60000    31.60000    32.60000    33.60000    34.60000    35.60000    36.60000    37.60000    38.60000    39.60000    40.60000    41.60000    42.60000    43.60000    44.60000    45.60000    46.60000    47.60000    48.60000    49.60000    50.60000    51.60000    52.60000    53.60000    54.60000    55.60000    56.60000    57.60000    58.60000    59.60000    60.60000    61.60000    62.60000
    63.00000    62.00000    61.00000    60.00000    59.00000    58.00000    57.00000    56.00000    55.00000    54.00000    53.00000    52.00000    51.00000    50.00000    49.00000    48.00000    47.00000    46.00000    45.00000    44.00000    43.00000    42.00000    41.00000    40.00000    39.00000    38.00000    37.00000    36.00000    35.00000    34.00000    33.00000    32.00000    31.00000    30.00000    29.00000    28.00000    27.00000    26.00000    25.00000    24.00000    23.00000    24.00000    25.00000    26.00000    27.00000    28.00000    29.00000    30.00000    31.00000    32.00000    33.00000    34.00000    35.00000    36.00000    37.00000    38.00000    39.00000    40.00000    41.00000    42.00000    43.00000    44.00000    45.00000    46.00000    47.00000    48.00000    49.00000    50.00000    51.00000    52.00000    53.00000    54.00000    55.00000    56.00000    57.00000    58.00000    59.00000    60.00000    61.00000    62.00000    63.00000
    63.40000    62.40000    61.40000    60.40000    59.40000    58.40000    57.40000    56.40000    55.40000    54.40000    53.40000    52.40000    51.40000    50.40000    49.40000    48.40000    47.40000    46.40000    45.40000    44.40000    43.40000    42.40000    41.40000    40.40000    39.40000    38.40000    37.40000    36.40000    35.40000    34.40000    33.40000    32.40000    31.40000    30.40000    29.40000    28.40000    27.40000    26.40000    25.40000    24.40000    23.40000    24.40000    25.40000    26.40000    27.40000    28.40000    29.40000    30.40000    31.40000    32.40000    33.40000    34.40000    35.40000    36.40000    37.40000    38.40000    39.40000    40.40000    41.40000    42.40000    43.40000    44.40000    45.40000    46.40000    47.40000    48.40000    49.40000    50.40000    51.40000    52.40000    53.40000    54.40000    55.40000    56.40000    57.40000    58.40000    59.40000    60.40000    61.40000    62.40000    63.40000
    63.80000    62.80000    61.80000    60.80000    59.80000    58.80000    57.80000    56.80000    55.80000    54.80000    53.80000    52.80000    51.80000    50.80000    49.80000    48.80000    47.80000    46.80000    45.80000    44.80000    43.80000    42.80000    41.80000    40.80000    39.80000    38.80000    37.80000    36.80000    35.80000    34.80000    33.80000    32.80000    31.80000    30.80000    29.80000    28.80000    27.80000    26.80000    25.80000    24.80000    23.80000    24.80000    25.80000    26.80000    27.80000    28.80000    29.80000    30.80000    31.80000    32.80000    33.80000    34.80000    35.80000    36.80000    37.80000    38.80000    39.80000    40.80000    41.80000    42.80000    43.80000    44.80000    45.80000    46.80000    47.80000    48.80000    49.80000    50.80000    51.80000    52.80000    53.80000    54.80000    55.80000    56.80000    57.80000    58.80000    59.80000    60.80000    61.80000    62.80000    63.80000
    64.20000    63.20000    62.20000    61.20000    60.20000    59.20000    58.20000    57.20000    56.20000    55.20000    54.20000    53.20000    52.20000    51.20000    50.20000    49.20000    48.20000    47.20000    46.20000    45.20000    44.20000    43.20000    42.20000    41.20000    40.20000    39.20000    38.20000    37.20000    36.20000    35.20000    34.20000    33.20000    32.20000    31.20000    30.20000    29.20000    28.20000    27.20000    26.20000    25.20000    24.20000    25.20000    26.20000    27.20000    28.20000    29.20000    30.20000    31.20000    32.20000    33.20000    34.20000    35.20000    36.20000    37.20000    38.20000    39.20000    40.20000    41.20000    42.20000    43.20000    44.20000    45.20000    46.20000    47.20000    48.20000    49.20000    50.20000    51.20000    52.20000    53.20000    54.20000    55.20000    56.20000    57.20000    58.20000    59.20000    60.20000    61.20000    62.20000    63.20000    64.20000
    64.60000    63.60000    62.60000    61.60000    60.60000    59.60000    58.60000    57.60000    56.60000    55.60000    54.60000    53.60000    52.60000    51.60000    50.60000    49.60000    48.60000    47.60000    46.60000    45.60000    44.60000    43.60000    42.60000    41.60000    40.60000    39.60000    38.60000    37.60000    36.60000    35.60000    34.60000    33.60000    32.60000    31.60000    30.60000    29.60000    28.60000    27.60000    26.60000    25.60000    24.60000    25.60000    26.60000    27.60000    28.60000    29.60000    30.60000    31.60000    32.60000    33.60000    34.60000    35.60000    36.60000    37.60000    38.60000    39.60000    40.60000    41.60000    42.60000    43.60000    44.60000    45.60000    46.60000    47.60000    48.60000    49.60000    50.60000    51.60000    52.60000    53.60000    54.60000    55.60000    56.60000    57.60000    58.60000    59.60000    60.60000    61.60000    62.60000    63.60000    64.60000
    65.00000    64.00000    63.00000    62.00000    61.00000    60.00000    59.00000    58.00000    57.00000    56.00000    55.00000    54.00000    53.00000    52.00000    51.00000    50.00000    49.00000    48.00000    47.00000    46.00000    45.00000    44.00000    43.00000    42.00000    41.00000    40.00000    39.00000    38.00000    37.00000    36.00000    35.00000    34.00000    33.00000    32.00000    31.00000    30.00000    29.00000    28.00000    27.00000    26.00000    25.00000    26.00000    27.00000    28.00000    29.00000    30.00000    31.00000    32.00000    33.00000    34.00000    35.00000    36.00000    37.00000    38.00000    39.00000    40.00000    41.00000    42.00000    43.00000    44.00000    45.00000    46.00000    47.00000    48.00000    49.00000    50.00000    51.00000    52.00000    53.00000    54.00000    55.00000    56.00000    57.00000    58.00000    59.00000    60.00000    61.00000    62.00000    63.00000    64.00000    65.00000
    65.40000    64.40000    63.40000    62.40000    61.40000    60.40000    59.40000    58.40000    57.40000    56.40000    55.40000    54.40000    53.40000    52.40000    51.40000    50.40000    49.40000    48.40000    47.40000    46.40000    45.40000    44.40000    43.40000    42.40000    41.40000    40.40000    39.40000    38.40000    37.40000    36.40000    35.40000    34.40000    33.40000    32.40000    31.40000    30.40000    29.40000    28.40000    27.40000    26.40000    25.40000    26.40000    27.40000    28.40000    29.40000    30.40000    31.40000    32.40000    33.40000    34.40000    35.40000    36.40000    37.40000    38.40000    39.40000    40.40000    41.40000    42.40000    43.40000    44.40000    45.40000    46.40000    47.40000    48.40000    49.40000    50.40000    51.40000    52.40000    53.40000    54.40000    55.40000    56.40000    57.40000    58.40000    59.40000    60.40000    61.40000    62.40000    63.40000    64.40000    65.39999
    65.80000    64.80000    63.80000    62.80000    61.80000    60.80000    59.80000    58.80000    57.80000    56.80000    55.80000    54.80000    53.80000    52.80000    51.80000    50.80000    49.80000    48.80000    47.80000    46.80000    45.80000    44.80000    43.80000    42.80000    41.80000    40.80000    39.80000    38.80000    37.80000    36.80000    35.80000    34.80000    33.80000    32.80000    31.80000    30.80000    29.80000    28.80000    27.80000    26.80000    25.80000    26.80000    27.80000    28.80000    29.80000    30.80000    31.80000    32.80000    33.80000    34.80000    35.80000    36.80000    37.80000    38.80000    39.80000    40.80000    41.80000    42.80000    43.80000    44.80000    45.80000    46.80000    47.80000    48.80000    49.80000    50.80000    51.80000    52.80000    53.80000    54.80000    55.80000    56.80000    57.80000    58.80000    59.80000    60.80000    61.80000    62.80000    63.80000    64.80000    65.80000
    66.20000    65.20000    64.20000    63.20000    62.20000    61.20000    60.20000    59.20000    58.20000    57.20000    56.20000    55.20000    54.20000    53.20000    52.20000    51.20000    50.20000    49.20000    48.20000    47.20000    46.20000    45.20000    44.20000    43.20000    42.20000    41.20000    40.20000    39.20000    38.20000    37.20000    36.20000    35.20000    34.20000    33.20000    32.20000    31.20000    30.20000    29.20000    28.20000    27.20000    26.20000    27.20000    28.20000    29.20000    30.20000    31.20000    32.20000    33.20000    34.20000    35.20000    36.20000    37.20000    38.20000    39.20000    40.20000    41.20000    42.20000    43.20000    44.20000    45.20000    46.20000    47.20000    48.20000    49.20000    50.20000    51.20000    52.20000    53.20000    54.20000    55.20000    56.20000    57.20000    58.20000    59.20000    60.20000    61.20000    62.20000    63.20000    64.20000    65.20000    66.20000
    66.60000    65.60000    64.60000    63.60000    62.60000    61.60000    60.60000    59.60000    58.60000    57.60000    56.60000    55.60000    54.60000    53.60000    52.60000    51.60000    50.60000    49.60000    48.60000    47.60000    46.60000    45.60000    44.60000    43.60000    42.60000    41.60000    40.60000    39.60000    38.60000    37.60000    36.60000    35.60000    34.60000    33.60000    32.60000    31.60000    30.60000    29.60000    28.60000    27.60000    26.60000    27.60000    28.60000    29.60000    30.60000    31.60000    32.60000    33.60000    34.60000    35.60000    36.60000    37.60000    38.60000    39.60000    40.60000    41.60000    42.60000    43.60000    44.60000    45.60000    46.60000    47.60000    48.60000    49.60000    50.60000    51.60000    52.60000    53.60000    54.60000    55.60000    56.60000    57.60000    58.60000    59.60000    60.60000    61.60000    62.60000    63.60000    64.60000    65.60000    66.60000
    67.00000    66.00000    65.00000    64.00000    63.00000    62.00000    61.00000    60.00000    59.00000    58.00000    57.00000    56.00000    55.00000    54.00000    53.00000    52.00000    51.00000    50.00000    49.00000    48.00000    47.00000    46.00000    45.00000    44.00000    43.00000    42.00000    41.00000    40.00000    39.00000    38.00000    37.00000    36.00000    35.00000    34.00000    33.00000    32.00000    31.00000    30.00000    29.00000    28.00000    27.00000    28.00000    29.00000    30.00000    31.00000    32.00000    33.00000    34.00000    35.00000    36.00000    37.00000    38.00000    39.00000    40.00000    41.00000    42.00000    43.00000    44.00000    45.00000    46.00000    47.00000    48.00000    49.00000    50.00000    51.00000    52.00000    53.00000    54.00000    55.00000    56.00000    57.00000    58.00000    59.00000    60.00000    61.00000    62.00000    63.00000    64.00000    65.00000    66.00000    67.00000
    67.40000    66.40000    65.40000    64.40000    63.40000    62.40000    61.40000    60.40000    59.40000    58.40000    57.40000    56.40000    55.40000    54.40000    53.40000    52.40000    51.40000    50.40000    49.40000    48.40000    47.40000    46.40000    45.40000    44.40000    43.40000    42.40000    41.40000    40.40000    39.40000    38.40000    37.40000    36.40000    35.40000    34.40000    33.40000    32.40000    31.40000    30.40000    29.40000    28.40000    27.40000    28.40000    29.40000    30.40000    31.40000    32.40000    33.40000    34.40000    35.40000    36.40000    37.40000    38.40000    39.40000    40.40000    41.40000    42.40000    43.40000    44.40000    45.40000    46.40000    47.40000    48.40000    49.40000    50.40000    51.40000    52.40000    53.40000    54.40000    55.40000    56.40000    57.40000    58.40000    59.40000    60.40000    61.40000    62.40000    63.40000    64.40000    65.40000    66.40000    67.39999
    67.80000    66.80000    65.80000    64.80000    63.80000    62.80000    61.80000    60.80000    59.80000    58.80000    57.80000    56.80000    55.80000    54.80000    53.80000    52.80000    51.80000    50.80000    49.80000    48.80000    47.80000    46.80000    45.80000    44.80000    43.80000    42.80000    41.80000    40.80000    39.80000    38.80000    37.80000    36.80000    35.80000    34.80000    33.80000    32.80000    31.80000    30.80000    29.80000    28.80000    27.80000    28.80000    29.80000    30.80000    31.80000    32.80000    33.80000    34.80000    35.80000    36.80000    37.80000    38.80000    39.80000    40.80000    41.80000    42.80000    43.80000    44.80000    45.80000    46.80000    47.80000    48.80000    49.80000    50.80000    51.80000    52.80000    53.80000    54.80000    55.80000    56.80000    57.80000    58.80000    59.80000    60.80000    61.80000    62.80000    63.80000    64.80000    65.80000    66.80000    67.80000
    68.20000    67.20000    66.20000    65.20000    64.20000    63.20000    62.20000    61.20000    60.20000    59.20000    58.20000    57.20000    56.20000    55.20000    54.20000    53.20000    52.20000    51.20000    50.20000    49.20000    48.20000    47.20000    46.20000    45.20000    44.20000    43.20000    42.20000    41.20000    40.20000    39.20000    38.20000    37.20000    36.20000    35.20000    34.20000    33.20000    32.20000    31.20000    30.20000    29.20000    28.20000    29.20000    30.20000    31.20000    32.20000    33.20000    34.20000    35.20000    36.20000    37.20000    38.20000    39.20000    40.20000    41.20000    42.20000    43.20000    44.20000    45.20000    46.20000    47.20000    48.20000    49.20000    50.20000    51.20000    52.20000    53.20000    54.20000    55.20000    56.20000    57.20000    58.20000    59.20000    60.20000    61.20000    62.20000    63.20000    64.20000    65.20000    66.20000    67.20000    68.20000
    68.60000    67.60000    66.60000    65.60000    64.60000    63.60000    62.60000    61.60000    60.60000    59.60000    58.60000    57.60000    56.60000    55.60000    54.60000    53.60000    52.60000    51.60000    50.60000    49.60000    48.60000    47.60000    46.60000    45.60000    44.60000    43.60000    42.60000    41.60000    40.60000    39.60000    38.60000    37.60000    36.60000    35.60000    34.60000    33.60000    32.60000    31.60000    30.60000    29.60000    28.60000    29.60000    30.60000    31.60000    32.60000    33.60000    34.60000    35.60000    36.60000    37.60000    38.60000    39.60000    40.60000    41.60000    42.60000    43.60000    44.60000    45.60000    46.60000    47.60000    48.60000    49.60000    50.60000    51.60000    52.60000    53.60000    54.60000    55.60000    56.60000    57.60000    58.60000    59.60000    60.60000    61.60000    62.60000    63.60000    64.60000    65.60000    66.60000    67.60000    68.60000
    69.00000    68.00000    67.00000    66.00000    65.00000    64.00000    63.00000    62.00000    61.00000    60.00000    59.00000    58.00000    57.00000    56.00000    55.00000    54.00000    53.00000    52.00000    51.00000    50.00000    49.00000    48.00000    47.00000    46.00000    45.00000    44.00000    43.00000    42.00000    41.00000    40.00000    39.00000    38.00000    37.00000    36.00000    35.00000    34.00000    33.00000    32.00000    31.00000    30.00000    29.00000    30.00000    31.00000    32.00000    33.00000    34.00000    35.00000    36.00000    37.00000    38.00000    39.00000    40.00000    41.00000    42.00000    43.00000    44.00000    45.00000    46.00000    47.00000    48.00000    49.00000    50.00000    51.00000    52.00000    53.00000    54.00000    55.00000    56.00000    57.00000    58.00000    59.00000    60.00000    61.00000    62.00000    63.00000    64.00000    65.00000    66.00000    67.00000    68.00000    69.00000
    69.40000    68.40000    67.40000    66.40000    65.40000    64.40000    63.40000    62.40000    61.40000    60.40000    59.40000    58.40000    57.40000    56.40000    55.40000    54.40000    53.40000    52.40000    51.40000    50.40000    49.40000    48.40000    47.40000    46.40000    45.40000    44.40000    43.40000    42.40000    41.40000    40.40000    39.40000    38.40000    37.40000    36.40000    35.40000    34.40000    33.40000    32.40000    31.40000    30.40000    29.40000    30.40000    31.40000    32.40000    33.40000    34.40000    35.40000    36.40000    37.40000    38.40000    39.40000    40.40000    41.40000    42.40000    43.40000    44.40000    45.40000    46.40000    47.40000    48.40000    49.40000    50.40000    51.40000    52.40000    53.40000    54.40000    55.40000    56.40000    57.40000    58.40000    59.40000    60.40000    61.40000    62.40000    63.40000    64.40000    65.40000    66.40000    67.40000    68.40000    69.39999
    69.80000    68.80000    67.80000    66.80000    65.80000    64.80000    63.80000    62.80000    61.80000    60.80000    59.80000    58.80000    57.80000    56.80000    55.80000    54.80000    53.80000    52.80000    51.80000    50.80000    49.80000    48.80000    47.80000    46.80000    45.80000    44.80000    43.80000    42.80000    41.80000    40.80000    39.80000    38.80000    37.80000    36.80000    35.80000    34.80000    33.80000    32.80000    31.80000    30.80000    29.80000    30.80000    31.80000    32.80000    33.80000    34.80000    35.80000    36.80000    37.80000    38.80000    39.80000    40.80000    41.80000    42.80000    43.80000    44.80000    45.80000    46.80000    47.80000    48.80000    49.80000    50.80000    51.80000    52.80000    53.80000    54.80000    55.80000    56.80000    57.80000    58.80000    59.80000    60.80000    61.80000    62.80000    63.80000    64.80000    65.80000    66.80000    67.80000    68.80000    69.80000
    70.20000    69.20000    68.20000    67.20000    66.20000    65.20000    64.20000    63.20000    62.20000    61.20000    60.20000    59.20000    58.20000    57.20000    56.20000    55.20000    54.20000    53.20000    52.20000    51.20000    50.20000    49.20000    48.20000    47.20000    46.20000    45.20000    44.20000    43.20000    42.20000    41.20000    40.20000    39.20000    38.20000    37.20000    36.20000    35.20000    34.20000    33.20000    32.20000    31.20000    30.20000    31.20000    32.20000    33.20000    34.20000    35.20000    36.20000    37.20000    38.20000    39.20000    40.20000    41.20000    42.20000    43.20000    44.20000    45.20000    46.20000    47.20000    48.20000    49.20000    50.20000    51.20000    52.20000    53.20000    54.20000    55.20000    56.20000    57.20000    58.20000    59.20000    60.20000    61.20000    62.20000    63.20000    64.20000    65.20000    66.20000    67.20000    68.20000    69.20000    70.20000
    70.60000    69.60000    68.60000    67.60000    66.60000    65.60000    64.60000    63.60000    62.60000    61.60000    60.60000    59.60000    58.60000    57.60000    56.60000    55.60000    54.60000    53.60000    52.60000    51.60000    50.60000    49.60000    48.60000    47.60000    46.60000    45.60000    44.60000    43.60000    42.60000    41.60000    40.60000    39.60000    38.60000    37.60000    36.60000    35.60000    34.60000    33.60000    32.60000    31.60000    30.60000    31.60000    32.60000    33.60000    34.60000    35.60000    36.60000    37.60000    38.60000    39.60000    40.60000    41.60000    42.60000    43.60000    44.60000    45.60000    46.60000    47.60000    48.60000    49.60000    50.60000    51.60000    52.60000    53.60000    54.60000    55.60000    56.60000    57.60000    58.60000    59.60000    60.60000    61.60000    62.60000    63.60000    64.60000    65.60000    66.60000    67.60000    68.60000    69.60000    70.60000
    71.00000    70.00000    69.00000    68.00000    67.00000    66.00000    65.00000    64.00000    63.00000    62.00000    61.00000    60.00000    59.00000    58.00000    57.00000    56.00000    55.00000    54.00000    53.00000    52.00000    51.00000    50.00000    49.00000    48.00000    47.00000    46.00000    45.00000    44.00000    43.00000    42.00000    41.00000    40.00000    39.00000    38.00000    37.00000    36.00000    35.00000    34.00000    33.00000    32.00000    31.00000    32.00000    33.00000    34.00000    35.00000    36.00000    37.00000    38.00000    39.00000    40.00000    41.00000    42.00000    43.00000    44.00000    45.00000    46.00000    47.00000    48.00000    49.00000    50.00000    51.00000    52.00000    53.00000    54.00000    55.00000    56.00000    57.00000    58.00000    59.00000    60.00000    61.00000    62.00000    63.00000    64.00000    65.00000    66.00000    67.00000    68.00000    69.00000    70.00000    71.00000
    71.40000    70.40000    69.40000    68.40000    67.40000    66.40000    65.40000    64.40000    63.40000    62.40000    61.40000    60.40000    59.40000    58.40000    57.40000    56.40000    55.40000    54.40000    53.40000    52.40000    51.40000    50.40000    49.40000    48.40000    47.40000    46.40000    45.40000    44.40000    43.40000    42.40000    41.40000    40.40000    39.40000    38.40000    37.40000    36.40000    35.40000    34.40000    33.40000    32.40000    31.40000    32.40000    33.40000    34.40000    35.40000    36.40000    37.40000    38.40000    39.40000    40.40000    41.40000    42.40000    43.40000    44.40000    45.40000    46.40000    47.40000    48.40000    49.40000    50.40000    51.40000    52.40000    53.40000    54.40000    55.40000    56.40000    57.40000    58.40000    59.40000    60.40000    61.40000    62.40000    63.40000    64.40000    65.40000    66.40000    67.40000    68.40000    69.40000    70.40000    71.39999
    71.80000    70.80000    69.80000    68.80000    67.80000    66.80000    65.80000    64.80000    63.80000    62.80000    61.80000    60.80000    59.80000    58.80000    57.80000    56.80000    55.80000    54.80000    53.80000    52.80000    51.80000    50.80000    49.80000    48.80000    47.80000    46.80000    45.80000    44.80000    43.80000    42.80000    41.80000    40.80000    39.80000    38.80000    37.80000    36.80000    35.80000    34.80000    33.80000    32.80000    31.80000    32.80000    33.80000    34.80000    35.80000    36.80000    37.80000    38.80000    39.80000    40.80000    41.80000    42.80000    43.80000    44.80000    45.80000    46.80000    47.80000    48.80000    49.80000    50.80000    51.80000    52.80000    53.80000    54.80000    55.80000    56.80000    57.80000    58.80000    59.80000    60.80000    61.80000    62.80000    63.80000    64.80000    65.80000    66.80000    67.80000    68.80000    69.80000    70.80000    71.80000
    72.20000    71.20000    70.20000    69.20000    68.20000    67.20000    66.20000    65.20000    64.20000    63.20000    62.20000    61.20000    60.20000    59.20000    58.20000    57.20000    56.20000    55.20000    54.20000    53.20000    52.20000    51.20000    50.20000    49.20000    48.20000    47.20000    46.20000    45.20000    44.20000    43.20000    42.20000    41.20000    40.20000    39.20000    38.20000    37.20000    36.20000    35.20000    34.20000    33.20000    32.20000    33.20000    34.20000    35.20000    36.20000    37.20000    38.20000    39.20000    40.20000    41.20000    42.20000    43.20000    44.20000    45.20000    46.20000    47.20000    48.20000    49.20000    50.20000    51.20000    52.20000    53.20000    54.20000    55.20000    56.20000    57.20000    58.20000    59.20000    60.20000    61.20000    62.20000    63.20000    64.20000    65.20000    66.20000    67.20000    68.20000    69.20000    70.20000    71.20000    72.20000
    72.60000    71.60000    70.60000    69.60000    68.60000    67.60000    66.60000    65.60000    64.60000    63.60000    62.60000    61.60000    60.60000    59.60000    58.60000    57.60000    56.60000    55.60000    54.60000    53.60000    52.60000    51.60000    50.60000    49.60000    48.60000    47.60000    46.60000    45.60000    44.60000    43.60000    42.60000    41.60000    40.60000    39.60000    38.60000    37.60000    36.60000    35.60000    34.60000    33.60000    32.60000    33.60000    34.60000    35.60000    36.60000    37.60000    38.60000    39.60000    40.60000    41.60000    42.60000    43.60000    44.60000    45.60000    46.60000    47.60000    48.60000    49.60000    50.60000    51.60000    52.60000    53.60000    54.60000    55.60000    56.60000    57.60000    58.60000    59.60000    60.60000    61.60000    62.60000    63.60000    64.60000    65.60000    66.60000    67.60000    68.60000    69.60000    70.60000    71.60000    72.60000
    73.00000    72.00000    71.00000    70.00000    69.00000    68.00000    67.00000    66.00000    65.00000    64.00000    63.00000    62.00000    61.00000    60.00000    59.00000    58.00000    57.00000    56.00000    55.00000    54.00000    53.00000    52.00000    51.00000    50.00000    49.00000    48.00000    47.00000    46.00000    45.00000    44.00000    43.00000    42.00000    41.00000    40.00000    39.00000    38.00000    37.00000    36.00000    35.00000    34.00000    33.00000    34.00000    35.00000    36.00000    37.00000    38.00000    39.00000    40.00000    41.00000    42.00000    43.00000    44.00000    45.00000    46.00000    47.00000    48.00000    49.00000    50.00000    51.00000    52.00000    53.00000    54.00000    55.00000    56.00000    57.00000    58.00000    59.00000    60.00000    61.00000    62.00000    63.00000    64.00000    65.00000    66.00000    67.00000    68.00000    69.00000    70.00000    71.00000    72.00000    73.00000
    73.40000    72.40000    71.40000    70.40000    69.40000    68.40000    67.40000    66.40000    65.40000    64.40000    63.40000    62.40000    61.40000    60.40000    59.40000    58.40000    57.40000    56.40000    55.40000    54.40000    53.40000    52.40000    51.40000    50.40000    49.40000    48.40000    47.40000    46.40000    45.40000    44.40000    43.40000    42.40000    41.40000    40.40000    39.40000    38.40000    37.40000    36.40000    35.40000    34.40000    33.40000    34.40000    35.40000    36.40000    37.40000    38.40000    39.40000    40.40000    41.40000    42.40000    43.40000    44.40000    45.40000    46.40000    47.40000    48.40000    49.40000    50.40000    51.40000    52.40000    53.40000    54.40000    55.40000    56.40000    57.40000    58.40000    59.40000    60.40000    61.40000    62.40000    63.40000    64.40000    65.40000    66.40000    67.40000    68.40000    69.40000    70.40000    71.40000    72.40000    73.39999
    73.80000    72.80000    71.80000    70.80000    69.80000    68.80000    67.80000    66.80000    65.80000    64.80000    63.80000    62.80000    61.80000    60.80000    59.80000    58.80000    57.80000    56.80000    55.80000    54.80000    53.80000    52.80000    51.80000    50.80000    49.80000    48.80000    47.80000    46.80000    45.80000    44.80000    43.80000    42.80000    41.80000    40.80000    39.80000    38.80000    37.80000    36.80000    35.80000    34.80000    33.80000    34.80000    35.80000    36.80000    37.80000    38.80000    39.80000    40.80000    41.80000    42.80000    43.80000    44.80000    45.80000    46.80000    47.80000    48.80000    49.80000    50.80000    51.80000    52.80000    53.80000    54.80000    55.80000    56.80000    57.80000    58.80000    59.80000    60.80000    61.80000    62.80000    63.80000    64.80000    65.80000    66.80000    67.80000    68.80000    69.80000    70.80000    71.80000    72.80000    73.80000
    74.20000    73.20000    72.20000    71.20000    70.20000    69.20000    68.20000    67.20000    66.20000    65.20000    64.20000    63.20000    62.20000    61.20000    60.20000    59.20000    58.20000    57.20000    56.20000    55.20000    54.20000    53.20000    52.20000    51.20000    50.20000    49.20000    48.20000    47.20000    46.20000    45.20000    44.20000    43.20000    42.20000    41.20000    40.20000    39.20000    38.20000    37.20000    36.20000    35.20000    34.20000    35.20000    36.20000    37.20000    38.20000    39.20000    40.20000    41.20000    42.20000    43.20000    44.20000    45.20000    46.20000    47.20000    48.20000    49.20000    50.20000    51.20000    52.20000    53.20000    54.20000    55.20000    56.20000    57.20000    58.20000    59.20000    60.20000    61.20000    62.20000    63.20000    64.20000    65.20000    66.20000    67.20000    68.20000    69.20000    70.20000    71.20000    72.20000    73.20000    74.20000
    74.60000    73.60000    72.60000    71.60000    70.60000    69.60000    68.60000    67.60000    66.60000    65.60000    64.60000    63.60000    62.60000    61.60000    60.60000    59.60000    58.60000    57.60000    56.60000    55.60000    54.60000    53.60000    52.60000    51.60000    50.60000    49.60000    48.60000    47.60000    46.60000    45.60000    44.60000    43.60000    42.60000    41.60000    40.60000    39.60000    38.60000    37.60000    36.60000    35.60000    34.60000    35.60000    36.60000    37.60000    38.60000    39.60000    40.60000    41.60000    42.60000    43.60000    44.60000    45.60000    46.60000    47.60000    48.60000    49.60000    50.60000    51.60000    52.60000    53.60000    54.60000    55.60000    56.60000    57.60000    58.60000    59.60000    60.60000    61.60000    62.60000    63.60000    64.60000    65.60000    66.60000    67.60000    68.60000    69.60000    70.60000    71.60000    72.60000    73.60000    74.60000
    75.00000    74.00000    73.00000    72.00000    71.00000    70.00000    69.00000    68.00000    67.00000    66.00000    65.00000    64.00000    63.00000    62.00000    61.00000    60.00000    59.00000    58.00000    57.00000    56.00000    55.00000    54.00000    53.00000    52.00000    51.00000    50.00000    49.00000    48.00000    47.00000    46.00000    45.00000    44.00000    43.00000    42.00000    41.00000    40.00000    39.00000    38.00000    37.00000    36.00000    35.00000    36.00000    37.00000    38.00000    39.00000    40.00000    41.00000    42.00000    43.00000    44.00000    45.00000    46.00000    47.00000    48.00000    49.00000    50.00000    51.00000    52.00000    53.00000    54.00000    55.00000    56.00000    57.00000    58.00000    59.00000    60.00000    61.00000    62.00000    63.00000    64.00000    65.00000    66.00000    67.00000    68.00000    69.00000    70.00000    71.00000    72.00000    73.00000    74.00000    75.00000
    75.40000    74.40000    73.40000    72.40000    71.40000    70.40000    69.40000    68.40000    67.40000    66.40000    65.40000    64.40000    63.40000    62.40000    61.40000    60.40000    59.40000    58.40000    57.40000    56.40000    55.40000    54.40000    53.40000    52.40000    51.40000    50.40000    49.40000    48.40000    47.40000    46.40000    45.40000    44.40000    43.40000    42.40000    41.40000    40.40000    39.40000    38.40000    37.40000    36.40000    35.40000    36.40000    37.40000    38.40000    39.40000    40.40000    41.40000    42.40000    43.40000    44.40000    45.40000    46.40000    47.40000    48.40000    49.40000    50.40000    51.40000    52.40000    53.40000    54.40000    55.40000    56.40000    57.40000    58.40000    59.40000    60.40000    61.40000    62.40000    63.40000    64.40000    65.40000    66.40000    67.40000    68.40000    69.40000    70.40000    71.40000    72.40000    73.40000    74.40000    75.39999
    75.80000    74.80000    73.80000    72.80000    71.80000    70.80000    69.80000    68.80000    67.80000    66.80000    65.80000    64.80000    63.80000    62.80000    61.80000    60.80000    59.80000    58.80000    57.80000    56.80000    55.80000    54.80000    53.80000    52.80000    51.80000    50.80000    49.80000    48.80000    47.80000    46.80000    45.80000    44.80000    43.80000    42.80000    41.80000    40.80000    39.80000    38.80000    37.80000    36.80000    35.80000    36.80000    37.80000    38.80000    39.80000    40.80000    41.80000    42.80000    43.80000    44.80000    45.80000    46.80000    47.80000    48.80000    49.80000    50.80000    51.80000    52.80000    53.80000    54.80000    55.80000    56.80000    57.80000    58.80000    59.80000    60.80000    61.80000    62.80000    63.80000    64.80000    65.80000    66.80000    67.80000    68.80000    69.80000    70.80000    71.80000    72.80000    73.80000    74.80000    75.80000
    76.20000    75.20000    74.20000    73.20000    72.20000    71.20000    70.20000    69.20000    68.20000    67.20000    66.20000    65.20000    64.20000    63.20000    62.20000    61.20000    60.20000    59.20000    58.20000    57.20000    56.20000    55.20000    54.20000    53.20000    52.20000    51.20000    50.20000    49.20000    48.20000    47.20000    46.20000    45.20000    44.20000    43.20000    42.20000    41.20000    40.20000    39.20000    38.20000    37.20000    36.20000    37.20000    38.20000    39.20000    40.20000    41.20000    42.20000    43.20000    44.20000    45.20000    46.20000    47.20000    48.20000    49.20000    50.20000    51.20000    52.20000    53.20000    54.20000    55.20000    56.20000    57.20000    58.20000    59.20000    60.20000    61.20000    62.20000    63.20000    64.20000    65.20000    66.20000    67.20000    68.20000    69.20000    70.20000    71.20000    72.20000    73.20000    74.20000    75.20000    76.20000
    76.60000    75.60000    74.60000    73.60000    72.60000    71.60000    70.60000    69.60000    68.60000    67.60000    66.60000    65.60000    64.60000    63.60000    62.60000    61.60000    60.60000    59.60000    58.60000    57.60000    56.60000    55.60000    54.60000    53.60000    52.60000    51.60000    50.60000    49.60000    48.60000    47.60000    46.60000    45.60000    44.60000    43.60000    42.60000    41.60000    40.60000    39.60000    38.60000    37.60000    36.60000    37.60000    38.60000    39.60000    40.60000    41.60000    42.60000    43.60000    44.60000    45.60000    46.60000    47.60000    48.60000    49.60000    50.60000    51.60000    52.60000    53.60000    54.60000    55.60000    56.60000    57.60000    58.60000    59.60000    60.60000    61.60000    62.60000    63.60000    64.60000    65.60000    66.60000    67.60000    68.60000    69.60000    70.60000    71.60000    72.60000    73.60000    74.60000    75.60000    76.60000
    77.00000    76.00000    75.00000    74.00000    73.00000    72.00000    71.00000    70.00000    69.00000    68.00000    67.00000    66.00000    65.00000    64.00000    63.00000    62.00000    61.00000    60.00000    59.00000    58.00000    57.00000    56.00000    55.00000    54.00000    53.00000    52.00000    51.00000    50.00000    49.00000    48.00000    47.00000    46.00000    45.00000    44.00000    43.00000    42.00000    41.00000    40.00000    39.00000    38.00000    37.00000    38.00000    39.00000    40.00000    41.00000    42.00000    43.00000    44.00000    45.00000    46.00000    47.00000    48.00000    49.00000    50.00000    51.00000    52.00000    53.00000    54.00000    55.00000    56.00000    57.00000    58.00000    59.00000    60.00000    61.00000    62.00000    63.00000    64.00000    65.00000    66.00000    67.00000    68.00000    69.00000    70.00000    71.00000    72.00000    73.00000    74.00000    75.00000    76.00000    77.00000
    77.40000    76.40000    75.40000    74.40000    73.40000    72.40000    71.40000    70.40000    69.40000    68.40000    67.40000    66.40000    65.40000    64.40000    63.40000    62.40000    61.40000    60.40000    59.40000    58.40000    57.40000    56.40000    55.40000    54.40000    53.40000    52.40000    51.40000    50.40000    49.40000    48.40000    47.40000    46.40000    45.40000    44.40000    43.40000    42.40000    41.40000    40.40000    39.40000    38.40000    37.40000    38.40000    39.40000    40.40000    41.40000    42.40000    43.40000    44.40000    45.40000    46.40000    47.40000    48.40000    49.40000    50.40000    51.40000    52.40000    53.40000    54.40000    55.40000    56.40000    57.40000    58.40000    59.40000    60.40000    61.40000    62.40000    63.40000    64.40000    65.40000    66.40000    67.40000    68.40000    69.40000    70.40000    71.40000    72.40000    73.40000    74.40000    75.40000    76.40000    77.39999
    77.80000    76.80000    75.80000    74.80000    73.80000    72.80000    71.80000    70.80000    69.80000    68.80000    67.80000    66.80000    65.80000    64.80000    63.80000    62.80000    61.80000    60.80000    59.80000    58.80000    57.80000    56.80000    55.80000    54.80000    53.80000    52.80000    51.80000    50.80000    49.80000    48.80000    47.80000    46.80000    45.80000    44.80000    43.80000    42.80000    41.80000    40.80000    39.80000    38.80000    37.80000    38.80000    39.80000    40.80000    41.80000    42.80000    43.80000    44.80000    45.80000    46.80000    47.80000    48.80000    49.80000    50.80000    51.80000    52.80000    53.80000    54.80000    55.80000    56.80000    57.80000    58.80000    59.80000    60.80000    61.80000    62.80000    63.80000    64.80000    65.80000    66.80000    67.80000    68.80000    69.80000    70.80000    71.80000    72.80000    73.80000    74.80000    75.80000    76.80000    77.80000
    78.20000    77.20000    76.20000    75.20000    74.20000    73.20000    72.20000    71.20000    70.20000    69.20000    68.20000    67.20000    66.20000    65.20000    64.20000    63.20000    62.20000    61.20000    60.20000    59.20000    58.20000    57.20000    56.20000    55.20000    54.20000    53.20000    52.20000    51.20000    50.20000    49.20000    48.20000    47.20000    46.20000    45.20000    44.20000    43.20000    42.20000    41.20000    40.20000    39.20000    38.20000    39.20000    40.20000    41.20000    42.20000    43.20000    44.20000    45.20000    46.20000    47.20000    48.20000    49.20000    50.20000    51.20000    52.20000    53.20000    54.20000    55.20000    56.20000    57.20000    58.20000    59.20000    60.20000    61.20000    62.20000    63.20000    64.20000    65.20000    66.20000    67.20000    68.20000    69.20000    70.20000    71.20000    72.20000    73.20000    74.20000    75.20000    76.20000    77.20000    78.20000
    78.60000    77.60000    76.60000    75.60000    74.60000    73.60000    72.60000    71.60000    70.60000    69.60000    68.60000    67.60000    66.60000    65.60000    64.60000    63.60000    62.60000    61.60000    60.60000    59.60000    58.60000    57.60000    56.60000    55.60000    54.60000    53.60000    52.60000    51.60000    50.60000    49.60000    48.60000    47.60000    46.60000    45.60000    44.60000    43.60000    42.60000    41.60000    40.60000    39.60000    38.60000    39.60000    40.60000    41.60000    42.60000    43.60000    44.60000    45.60000    46.60000    47.60000    48.60000    49.60000    50.60000    51.60000    52.60000    53.60000    54.60000    55.60000    56.60000    57.60000    58.60000    59.60000    60.60000    61.60000    62.60000    63.60000    64.60000    65.60000    66.60000    67.60000    68.60000    69.60000    70.60000    71.60000    72.60000    73.60000    74.60000    75.60000    76.60000    77.60000    78.60000
    79.00000    78.00000    77.00000    76.00000    75.00000    74.00000    73.00000    72.00000    71.00000    70.00000    69.00000    68.00000    67.00000    66.00000    65.00000    64.00000    63.00000    62.00000    61.00000    60.00000    59.00000    58.00000    57.00000    56.00000    55.00000    54.00000    53.00000    52.00000    51.00000    50.00000    49.00000    48.00000    47.00000    46.00000    45.00000    44.00000    43.00000    42.00000    41.00000    40.00000    39.00000    40.00000    41.00000    42.00000    43.00000    44.00000    45.00000    46.00000    47.00000    48.00000    49.00000    50.00000    51.00000    52.00000    53.00000    54.00000    55.00000    56.00000    57.00000    58.00000    59.00000    60.00000    61.00000    62.00000    63.00000    64.00000    65.00000    66.00000    67.00000    68.00000    69.00000    70.00000    71.00000    72.00000    73.00000    74.00000    75.00000    76.00000    77.00000    78.00000    79.00000
    79.40000    78.40000    77.40000    76.40000    75.40000    74.40000    73.40000    72.40000    71.40000    70.40000    69.40000    68.40000    67.40000    66.40000    65.40000    64.40000    63.40000    62.40000    61.40000    60.40000    59.40000    58.40000    57.40000    56.40000    55.40000    54.40000    53.40000    52.40000    51.40000    50.40000    49.40000    48.40000    47.40000    46.40000    45.40000    44.40000    43.40000    42.40000    41.40000    40.40000    39.40000    40.40000    41.40000    42.40000    43.40000    44.40000    45.40000    46.40000    47.40000    48.40000    49.40000    50.40000    51.40000    52.40000    53.40000    54.40000    55.40000    56.40000    57.40000    58.40000    59.40000    60.40000    61.40000    62.40000    63.40000    64.40000    65.40000    66.40000    67.40000    68.40000    69.40000    70.40000    71.40000    72.40000    73.40000    74.40000    75.40000    76.40000    77.40000    78.40000    79.39999
    79.80000    78.80000    77.80000    76.80000    75.80000    74.80000    73.80000    72.80000    71.80000    70.80000    69.80000    68.80000    67.80000    66.80000    65.80000    64.80000    63.80000    62.80000    61.80000    60.80000    59.80000    58.80000    57.80000    56.80000    55.80000    54.80000    53.80000    52.80000    51.80000    50.80000    49.80000    48.80000    47.80000    46.80000    45.80000    44.80000    43.80000    42.80000    41.80000    40.80000    39.80000    40.80000    41.80000    42.80000    43.80000    44.80000    45.80000    46.80000    47.80000    48.80000    49.80000    50.80000    51.80000    52.80000    53.80000    54.80000    55.80000    56.80000    57.80000    58.80000    59.80000    60.80000    61.80000    62.80000    63.80000    64.80000    65.80000    66.80000    67.80000    68.80000    69.80000    70.80000    71.80000    72.80000    73.80000    74.80000    75.80000    76.80000    77.80000    78.80000    79.80000
