   705.370   610.305   590.972   565.775   590.096   562.877   475.948   486.272   455.495   473.716   575.594   702.145   872.100   675.661   789.318   866.241  1068.027  1135.806  1187.635  1092.321  1002.532   998.815   868.683   699.863   703.418   731.405   788.580   682.512   736.431   711.568   573.696   495.246   424.163   386.821   372.718   440.433   312.176   253.075   200.949   191.638   274.012   247.922   197.774   210.335   219.815   189.798   185.064   147.532   121.592   101.795    92.142    89.570    80.328    80.474    78.858    77.028
   827.336   900.593   708.810   577.374   610.345   668.357   612.754   493.194   641.425   556.611   740.462   837.674   880.085   937.018   933.239  1063.890  1225.331  1395.660  1287.627  1243.744  1216.490  1232.209  1039.800   868.239   964.961   990.520  1066.317   957.900  1019.896   801.923   723.850   691.555   657.081   507.241   477.563   309.090   289.759   198.747   191.638   198.320   305.300   218.772   283.630   268.102   347.182   357.121   351.841   225.682   175.267   137.111   114.843   100.000    89.309    85.990    82.786    79.738
  1124.733  1040.068   844.379   830.499   807.906   769.951   651.947   669.832   813.380   743.309   698.604   863.355  1058.132  1205.370  1270.594  1268.766  1383.070  1280.389  1245.168  1249.684  1123.684   955.967   997.054   955.811   869.743   852.683   807.866   752.816   747.574   668.572   716.111   765.018   711.181   535.549   383.480   361.695   395.655   232.453   356.356   340.384   263.206   300.529   410.671   370.374   272.199   231.250   308.120   226.050   214.761   219.541   195.721   124.057    98.965    91.023    84.678    78.810
  1239.139  1182.000  1149.929  1041.849  1007.643   991.076  1008.328   968.971  1036.421  1020.419   896.689  1075.777  1195.898  1245.083  1057.400  1074.339  1209.505  1200.530   960.339   885.893   866.528   902.403   759.906   691.031   574.611   692.548   594.537   580.680   455.890   455.890   455.890   497.220   482.299   361.695   361.695   379.750   293.220   273.414   418.452   414.529   266.886   358.159   255.687   225.750   200.532   200.532   200.532   149.932   168.492   205.908   171.596   124.457    97.850    89.745    82.595    76.434
  1281.593  1332.431  1230.864  1158.041  1118.173   947.803   933.880  1033.574   898.575   962.973  1123.957  1049.190  1013.285  1061.827   921.336   815.405  1000.649  1100.412   975.672   742.216   678.719   654.105   584.293   669.618   581.046   455.890   455.890   455.890   455.890   598.837   608.625   389.924   363.612   501.781   509.689   490.353   384.841   474.919   439.793   345.367   295.344   298.671   204.035   200.532   200.532   295.210   386.683   198.434   131.147   108.990    99.892    94.197    88.333    84.534    84.376    79.217
  1358.073  1362.614  1235.185  1083.685   995.484   945.472   841.730   825.680   774.322   943.340   941.837  1026.215   852.100   879.071   915.377   712.963   802.249   832.187   881.080   824.338   808.031   672.613   591.162   476.699   476.699   579.483   603.901   527.427   699.470   796.885   708.840   507.305   596.617   676.203   778.858   712.170   632.561   663.832   543.076   472.061   303.789   267.125   247.855   200.532   200.532   314.974   371.409   243.028   268.707   145.321   117.398   110.790   120.608   121.004   116.296   102.532
  1535.104  1443.868  1304.403  1267.664  1146.336  1135.453   895.315   743.659   737.784   769.963   785.379   791.346   799.709   750.041   907.754   661.190   621.675   621.675   621.675   621.675   536.698   515.179   515.179   519.666   729.363   852.158   882.565   759.882   717.872   707.588   711.571   710.423   708.521   768.796   854.303   802.454   645.434   556.339   487.094   499.594   283.591   310.792   301.484   200.532   200.532   314.867   438.901   412.048   350.558   192.089   153.938   136.618   153.982   143.604   138.996   137.610
  1525.615  1371.374  1187.728  1063.751   977.218  1007.937  1001.754   764.558   716.693   716.693   670.548   630.234   621.675   621.675   621.675   621.675   715.057   647.776   621.675   663.157   604.595   699.799   803.811   752.618   702.358   802.482   842.487   774.427   632.495   513.390   580.087   614.074   515.404   647.640   724.581   598.520   510.504   412.748   347.564   310.076   245.845   207.316   204.622   200.532   200.532   294.455   415.444   544.901   395.800   262.330   192.515   177.692   176.560   157.958   167.389   146.338
  1361.373  1474.154  1294.921  1167.603  1077.679   928.577   806.240   759.763   971.468  1040.029   950.258   734.778   823.805   740.102   782.980   652.515   663.045   774.083   677.929   903.278   865.499   945.198   886.905   793.125   675.688   612.221   660.819   587.412   573.508   461.105   417.192   544.181   429.993   505.666   571.155   485.552   413.701   518.609   464.639   351.959   284.783   200.532   200.532   245.508   228.766   235.428   343.048   510.520   467.883   260.248   261.861   272.853   221.257   163.225   134.145   117.392
  1320.615  1458.566  1305.653  1197.938   970.707   914.328   859.768   765.618   917.370  1120.385   904.925   871.412   959.564  1010.208   884.603   680.937   828.875   929.438   760.703   853.605   732.156   698.221   752.737   637.066   660.056   607.100   568.731   518.991   467.260   487.961   365.947   348.032   470.794   404.361   427.746   437.147   353.909   336.036   264.737   206.174   200.532   200.532   200.532   408.215   387.258   228.766   310.907   468.622   505.798   273.287   236.507   221.655   288.402   227.050   191.373   126.285
  1438.214  1544.923  1294.563  1089.857   967.597  1135.859   979.064   932.833  1081.907  1202.339  1022.210  1152.916  1117.658  1102.673   962.086   873.611   881.256   997.152  1026.812   910.339   816.635   584.130   524.549   502.570   647.358   764.254   749.095   625.967   464.401   409.861   388.242   381.585   305.955   348.295   287.215   324.674   254.733   219.524   206.292   210.496   207.783   210.936   200.532   304.631   411.174   263.732   358.794   483.934   431.031   257.676   308.444   234.305   172.340   160.735   172.059   115.288
  1609.675  1566.995  1353.869  1190.011  1084.557  1247.025   989.484  1013.097  1258.949  1391.121  1205.828  1374.681  1347.717  1397.867  1232.387  1148.963  1272.617  1296.596  1312.702  1167.674   887.213   816.970   764.462   610.699   480.829   480.829   471.675   520.841   585.992   497.568   449.727   391.579   328.713   291.479   261.620   221.244   209.541   206.292   243.193   233.530   239.753   203.650   200.532   201.344   309.328   281.554   397.473   538.536   497.948   305.169   345.448   353.584   256.465   200.024   147.405   142.150
  1834.817  1685.787  1503.212  1312.309  1286.856  1300.858  1157.460  1052.985  1068.967  1144.389  1339.274  1487.208  1278.095  1205.185  1287.700  1268.805  1203.955  1153.046  1305.719  1506.345  1175.711   920.629   788.341   693.578   688.995   574.654   491.199   432.903   415.038   418.946   360.601   325.228   286.883   287.260   297.161   308.679   253.561   216.662   289.752   258.791   233.920   200.532   200.532   200.532   227.583   286.705   445.719   610.256   512.666   395.494   531.561   409.427   239.269   221.141   211.714   226.961
  1637.457  1690.224  1663.459  1586.486  1569.557  1508.047  1375.548  1230.290  1101.105  1189.932  1370.445  1481.182  1320.102  1185.869  1111.444  1036.299   976.544  1247.417  1345.900  1409.694  1219.129  1153.749  1017.290   752.359   603.041   552.572   476.001   432.770   398.924   398.924   349.349   304.616   315.088   286.883   282.269   282.269   265.612   226.145   272.134   266.676   241.106   200.532   225.683   217.186   250.417   327.274   385.008   462.762   526.193   431.767   655.889   574.845   346.991   347.002   306.926   252.606
  1491.579  1491.579  1529.755  1608.760  1727.736  1695.095  1477.034  1298.645  1241.035  1317.561  1399.142  1330.424  1302.112  1180.403  1243.337  1069.571   931.582   931.582   983.984  1259.731   989.997   885.537   957.539  1006.118   859.440   727.085   702.558   621.500   526.994   431.918   381.349   326.063   361.839   383.855   342.727   285.362   244.377   247.645   294.986   299.403   205.373   216.207   256.516   230.499   333.876   475.817   614.673   548.487   635.211   614.718   709.470   640.994   425.119   363.192   226.643   170.410
  1535.594  1573.533  1714.415  1747.423  1752.396  1810.850  1656.113  1464.425  1528.296  1359.973  1266.740  1074.666  1041.094   958.156   941.741   931.582   992.872   935.318   857.344  1139.872  1246.082   975.632   781.214   734.514   836.741   945.032   893.977   730.987   669.987   532.072   389.439   357.054   403.971   438.393   371.129   287.080   248.102   310.466   363.119   254.745   219.023   233.841   241.445   254.756   410.918   567.626   690.084   816.204   743.279   750.941   677.215   585.334   321.720   266.421   241.323   235.382
  1543.562  1632.374  1606.098  1676.376  1630.386  1633.358  1613.312  1680.526  1573.849  1400.343  1158.147  1080.465  1257.173  1279.285  1035.065  1167.114  1320.851  1071.849   863.889   794.650  1091.770  1275.227  1096.172   845.216   721.536   627.863   603.736   532.072   532.072   535.802   532.905   399.068   483.429   492.445   385.724   315.702   288.616   373.842   310.182   224.325   242.357   266.273   256.662   249.033   379.434   432.664   517.804   647.607   742.042   749.080   548.098   408.287   380.364   409.994   276.491   263.861
  1318.686  1368.227  1423.355  1517.747  1487.657  1441.976  1484.928  1673.120  1521.532  1278.133  1181.616  1368.718  1295.474  1404.416  1205.518  1354.952  1293.049  1066.098   912.707   741.083  1033.009  1105.653   997.064  1148.817  1020.038   932.538   891.582   833.075   791.444   732.319   555.810   371.506   449.788   509.177   377.949   327.657   387.377   342.726   253.555   243.001   293.002   320.735   317.792   288.767   347.112   447.985   487.559   502.410   513.773   730.072   661.944   611.733   598.505   429.994   346.532   266.722
  1394.814  1332.092  1333.483  1360.159  1370.523  1426.332  1438.031  1554.612  1689.697  1545.704  1320.286  1573.595  1523.998  1615.805  1550.308  1598.809  1486.087  1313.889  1086.344   857.883   741.083   741.083   741.083   756.893   699.953   643.486   735.595   727.178   786.214   673.114   497.225   374.658   348.900   348.900   339.866   301.450   279.521   266.289   282.559   356.030   483.837   623.390   672.404   491.079   479.134   640.332   712.228   549.459   529.896   672.671   636.952   638.353   676.072   549.623   448.642   326.755
  1580.553  1380.841  1483.431  1490.568  1446.749  1667.290  1662.983  1619.418  1627.380  1819.736  1610.073  1718.905  1522.890  1371.192  1332.368  1383.122  1362.064  1179.709  1152.961  1046.193   999.268   863.616   841.227   741.083   740.074   641.090   511.259   511.259   514.168   705.105   438.050   526.325   488.672   441.600   390.006   318.644   353.965   477.925   435.273   562.386   600.470   803.286  1065.253   847.795   538.566   753.695   633.765   537.934   632.965   494.185   454.730   432.452   553.360   640.352   488.572   346.606
  1543.692  1406.732  1552.138  1721.934  1518.422  1718.175  1965.075  1846.279  1725.044  1867.385  1976.620  1680.467  1611.607  1471.994  1353.642  1129.453  1094.630   928.379   917.717   801.866   801.866   801.866   741.083   747.362   708.141   599.189   771.343   708.359   511.259   483.628   462.528   727.574   798.548   681.014   577.176   497.234   493.381   736.321   540.893   500.696   799.123   940.544  1021.323   760.239   703.566   912.081   769.276   606.217   594.706   429.591   348.588   326.392   419.272   532.587   515.076   407.041
  1690.803  1479.281  1573.485  1842.054  1638.645  1817.309  2057.980  1932.663  2023.616  2072.441  2046.559  1657.747  1364.261  1249.004  1194.974  1242.140  1271.238  1216.186   901.667   919.669  1087.335  1302.068  1148.043  1286.836  1026.777   715.809   770.766   960.365   764.853   802.016   546.521   846.048  1128.157  1102.430   869.222   633.471   813.369   872.747   559.576   509.470   624.314   717.663  1073.564  1014.941   810.115   719.026   744.763   595.106   668.164   498.678   339.564   298.978   330.241   361.539   380.890   438.831
  1792.367  1578.713  1541.345  1825.746  1765.829  1882.113  2155.797  2186.570  2248.802  2343.944  1989.379  1750.130  1726.535  1527.448  1565.170  1673.997  1493.579  1229.356   942.184  1111.325  1445.370  1646.640  1483.122  1438.813  1088.671   966.108   800.025   827.566  1121.863   979.367   812.354   668.982   947.370  1254.474   980.087   877.826  1151.939   886.681   764.024   767.010   560.207   632.213   765.787   914.017   819.920   574.933   498.497   466.987   580.366   436.643   386.443   345.200   298.978   257.043   257.043   319.188
  1871.765  1675.261  1659.332  1876.701  1922.704  1978.434  2126.865  2148.564  2189.768  2295.367  2187.047  1994.996  2028.652  1942.719  1923.953  1753.976  1407.339  1238.053  1225.265  1010.506  1324.887  1680.386  1838.172  1645.104  1550.902  1365.978  1117.974   800.025  1085.448  1318.015  1115.646   808.225   881.522  1082.385  1360.829  1250.853  1290.880  1023.035  1088.557  1003.022   733.437   585.856   617.340   857.265   856.783   638.401   550.055   415.551   415.551   426.651   534.193   441.868   367.204   326.925   258.951   208.374
  1889.856  1955.148  1848.175  1923.454  2060.349  2094.384  1980.706  1842.865  1808.371  2021.110  1914.762  1814.316  1982.800  1940.126  2024.270  1771.730  1643.002  1659.915  1301.787  1110.042  1396.007  1718.943  1869.890  1746.959  1565.110  1317.362  1079.055   833.707  1164.801  1431.221  1094.264  1176.687  1182.076  1167.146  1494.735  1470.240  1444.499  1420.360  1353.787  1073.208   827.318   724.040   753.802   837.210  1024.509   894.924   772.444   572.683   465.383   351.133   495.895   430.923   399.064   364.418   335.954   292.449
  2143.996  2298.962  2071.934  2064.737  2205.791  2081.242  1796.815  1622.802  1667.266  1753.679  1528.931  1622.147  1625.313  1596.667  1825.365  1939.584  1599.614  1432.397  1283.992  1395.557  1351.353  1599.230  1825.845  1571.859  1418.857  1224.645  1032.313   895.226  1262.532  1643.646  1466.474  1527.906  1521.383  1530.316  1454.978  1189.822  1244.326  1381.714  1348.148  1215.065   995.469  1041.491   883.218  1007.126   981.095   785.697   622.051   614.149   535.952   384.131   351.133   436.644   366.960   296.858   249.552   243.066
  2425.227  2378.432  2296.804  2349.716  2438.147  2085.546  1928.684  1859.244  1574.379  1409.653  1264.200  1332.143  1410.719  1485.113  1821.569  1898.161  1822.062  1649.539  1694.736  1795.822  1703.082  1782.667  1788.456  1646.417  1297.622  1055.516  1180.468  1092.155  1421.606  1726.010  1626.667  1375.167  1487.027  1323.211  1388.479  1266.997   967.258  1092.177  1293.701  1304.573  1247.647  1293.088  1194.708  1070.743   829.118   657.941   577.754   509.294   461.227   383.100   298.568   411.494   331.756   309.541   239.275   208.668
  2087.676  2014.805  2085.632  2327.262  2272.295  1985.894  1791.387  1746.251  1599.424  1537.133  1410.382  1200.126  1243.352  1431.632  1570.431  1629.416  1734.520  1777.486  1848.998  1813.784  1843.945  1806.510  1666.705  1440.366  1328.111  1551.348  1490.533  1369.412  1699.001  1633.064  1418.603  1257.142  1433.294  1399.202  1105.518  1165.076  1065.185   845.649  1072.731  1081.895   959.896  1173.975  1147.445  1086.195   924.020   793.602   731.855   792.175   667.997   490.025   298.568   336.718   298.568   232.287   208.668   252.665
  1872.438  1867.602  2061.549  2230.022  2129.345  1922.770  1762.547  1807.697  1847.521  1756.962  1499.709  1207.633  1145.414  1298.268  1421.279  1543.110  1639.155  1549.253  1549.105  1553.981  1662.103  1623.290  1829.799  1728.795  1699.211  1771.437  1641.317  1630.156  1692.823  1743.208  1568.913  1263.244  1076.083  1002.733   920.640   920.640   811.051   823.639  1021.364   755.738   948.800   949.871   965.355  1209.345  1084.519   852.049   644.012   552.294   707.760   598.898   412.779   298.568   321.381   367.484   326.778   299.240
  1737.317  1775.861  1929.095  2002.522  2141.619  2027.797  1920.836  2041.713  1871.298  1652.989  1366.153  1340.143  1079.173  1316.395  1441.563  1554.660  1591.145  1398.050  1353.988  1334.590  1415.416  1445.219  1621.967  1759.330  1778.016  1443.693  1318.506  1319.078  1523.075  1603.917  1504.275  1408.159  1401.928  1356.047  1195.100  1222.395   883.309   738.106   679.921   607.924   618.772   659.280   867.237   968.135   801.549   812.600   706.057   480.263   515.141   621.916   535.767   407.245   367.308   335.407   318.990   273.250
