  -310.29999  -310.29999  -310.29999  -310.29999  -310.29999  -310.29999  -310.29999  -310.29999  -310.29999  -310.29999  -310.29999  -310.29999  -310.29999  -310.29999  -310.29999  -310.29999  -310.29999  -310.29999  -310.29999  -310.29999  -310.29999  -310.29999  -310.29999  -310.29999  -310.29999  -310.29999  -310.29999  -310.29999  -310.29999  -310.29999  -310.29999  -310.29999  -310.29999  -310.29999  -310.29999  -310.29999  -310.29999  -310.29999  -310.29999  -310.29999  -310.29999  -310.29999  -310.29999  -310.29999  -310.29999  -310.29999  -310.29999  -310.29999  -310.29999  -310.29999  -310.29999  -310.29999  -310.29999  -310.29999  -310.29999  -310.29999  -310.29999  -310.29999  -310.29999  -310.29999  -310.29999  -310.29999  -310.29999  -310.29999  -310.29999  -310.29999  -310.29999  -310.29999  -310.29999  -310.29999  -310.29999  -310.29999  -310.29999  -310.29999  -310.29999  -310.29999  -310.29999  -310.29999  -310.29999  -310.29999  -310.29999
  -310.28000  -310.28000  -310.28000  -310.28000  -310.28000  -310.28000  -310.28000  -310.28000  -310.28000  -310.28000  -310.28000  -310.28000  -310.28000  -310.28000  -310.28000  -310.28000  -310.28000  -310.28000  -310.28000  -310.28000  -310.28000  -310.28000  -310.28000  -310.28000  -310.28000  -310.28000  -310.28000  -310.28000  -310.28000  -310.28000  -310.28000  -310.28000  -310.28000  -310.28000  -310.28000  -310.28000  -310.28000  -310.28000  -310.28000  -310.28000  -310.28000  -310.28000  -310.28000  -310.28000  -310.28000  -310.28000  -310.28000  -310.28000  -310.28000  -310.28000  -310.28000  -310.28000  -310.28000  -310.28000  -310.28000  -310.28000  -310.28000  -310.28000  -310.28000  -310.28000  -310.28000  -310.28000  -310.28000  -310.28000  -310.28000  -310.28000  -310.28000  -310.28000  -310.28000  -310.28000  -310.28000  -310.28000  -310.28000  -310.28000  -310.28000  -310.28000  -310.28000  -310.28000  -310.28000  -310.28000  -310.28000
  -310.26001  -310.26001  -310.26001  -310.26001  -310.26001  -310.26001  -310.26001  -310.26001  -310.26001  -310.26001  -310.26001  -310.26001  -310.26001  -310.26001  -310.26001  -310.26001  -310.26001  -310.26001  -310.26001  -310.26001  -310.26001  -310.26001  -310.26001  -310.26001  -310.26001  -310.26001  -310.26001  -310.26001  -310.26001  -310.26001  -310.26001  -310.26001  -310.26001  -310.26001  -310.26001  -310.26001  -310.26001  -310.26001  -310.26001  -310.26001  -310.26001  -310.26001  -310.26001  -310.26001  -310.26001  -310.26001  -310.26001  -310.26001  -310.26001  -310.26001  -310.26001  -310.26001  -310.26001  -310.26001  -310.26001  -310.26001  -310.26001  -310.26001  -310.26001  -310.26001  -310.26001  -310.26001  -310.26001  -310.26001  -310.26001  -310.26001  -310.26001  -310.26001  -310.26001  -310.26001  -310.26001  -310.26001  -310.26001  -310.26001  -310.26001  -310.26001  -310.26001  -310.26001  -310.26001  -310.26001  -310.26001
  -310.23999  -310.23999  -310.23999  -310.23999  -310.23999  -310.23999  -310.23999  -310.23999  -310.23999  -310.23999  -310.23999  -310.23999  -310.23999  -310.23999  -310.23999  -310.23999  -310.23999  -310.23999  -310.23999  -310.23999  -310.23999  -310.23999  -310.23999  -310.23999  -310.23999  -310.23999  -310.23999  -310.23999  -310.23999  -310.23999  -310.23999  -310.23999  -310.23999  -310.23999  -310.23999  -310.23999  -310.23999  -310.23999  -310.23999  -310.23999  -310.23999  -310.23999  -310.23999  -310.23999  -310.23999  -310.23999  -310.23999  -310.23999  -310.23999  -310.23999  -310.23999  -310.23999  -310.23999  -310.23999  -310.23999  -310.23999  -310.23999  -310.23999  -310.23999  -310.23999  -310.23999  -310.23999  -310.23999  -310.23999  -310.23999  -310.23999  -310.23999  -310.23999  -310.23999  -310.23999  -310.23999  -310.23999  -310.23999  -310.23999  -310.23999  -310.23999  -310.23999  -310.23999  -310.23999  -310.23999  -310.23999
  -310.22000  -310.22000  -310.22000  -310.22000  -310.22000  -310.22000  -310.22000  -310.22000  -310.22000  -310.22000  -310.22000  -310.22000  -310.22000  -310.22000  -310.22000  -310.22000  -310.22000  -310.22000  -310.22000  -310.22000  -310.22000  -310.22000  -310.22000  -310.22000  -310.22000  -310.22000  -310.22000  -310.22000  -310.22000  -310.22000  -310.22000  -310.22000  -310.22000  -310.22000  -310.22000  -310.22000  -310.22000  -310.22000  -310.22000  -310.22000  -310.22000  -310.22000  -310.22000  -310.22000  -310.22000  -310.22000  -310.22000  -310.22000  -310.22000  -310.22000  -310.22000  -310.22000  -310.22000  -310.22000  -310.22000  -310.22000  -310.22000  -310.22000  -310.22000  -310.22000  -310.22000  -310.22000  -310.22000  -310.22000  -310.22000  -310.22000  -310.22000  -310.22000  -310.22000  -310.22000  -310.22000  -310.22000  -310.22000  -310.22000  -310.22000  -310.22000  -310.22000  -310.22000  -310.22000  -310.22000  -310.22000
  -310.20001  -310.20001  -310.20001  -310.20001  -310.20001  -310.20001  -310.20001  -310.20001  -310.20001  -310.20001  -310.20001  -310.20001  -310.20001  -310.20001  -310.20001  -310.20001  -310.20001  -310.20001  -310.20001  -310.20001  -310.20001  -310.20001  -310.20001  -310.20001  -310.20001  -310.20001  -310.20001  -310.20001  -310.20001  -310.20001  -310.20001  -310.20001  -310.20001  -310.20001  -310.20001  -310.20001  -310.20001  -310.20001  -310.20001  -310.20001  -310.20001  -310.20001  -310.20001  -310.20001  -310.20001  -310.20001  -310.20001  -310.20001  -310.20001  -310.20001  -310.20001  -310.20001  -310.20001  -310.20001  -310.20001  -310.20001  -310.20001  -310.20001  -310.20001  -310.20001  -310.20001  -310.20001  -310.20001  -310.20001  -310.20001  -310.20001  -310.20001  -310.20001  -310.20001  -310.20001  -310.20001  -310.20001  -310.20001  -310.20001  -310.20001  -310.20001  -310.20001  -310.20001  -310.20001  -310.20001  -310.20001
  -310.17999  -310.17999  -310.17999  -310.17999  -310.17999  -310.17999  -310.17999  -310.17999  -310.17999  -310.17999  -310.17999  -310.17999  -310.17999  -310.17999  -310.17999  -310.17999  -310.17999  -310.17999  -310.17999  -310.17999  -310.17999  -310.17999  -310.17999  -310.17999  -310.17999  -310.17999  -310.17999  -310.17999  -310.17999  -310.17999  -310.17999  -310.17999  -310.17999  -310.17999  -310.17999  -310.17999  -310.17999  -310.17999  -310.17999  -310.17999  -310.17999  -310.17999  -310.17999  -310.17999  -310.17999  -310.17999  -310.17999  -310.17999  -310.17999  -310.17999  -310.17999  -310.17999  -310.17999  -310.17999  -310.17999  -310.17999  -310.17999  -310.17999  -310.17999  -310.17999  -310.17999  -310.17999  -310.17999  -310.17999  -310.17999  -310.17999  -310.17999  -310.17999  -310.17999  -310.17999  -310.17999  -310.17999  -310.17999  -310.17999  -310.17999  -310.17999  -310.17999  -310.17999  -310.17999  -310.17999  -310.17999
  -310.16000  -310.16000  -310.16000  -310.16000  -310.16000  -310.16000  -310.16000  -310.16000  -310.16000  -310.16000  -310.16000  -310.16000  -310.16000  -310.16000  -310.16000  -310.16000  -310.16000  -310.16000  -310.16000  -310.16000  -310.16000  -310.16000  -310.16000  -310.16000  -310.16000  -310.16000  -310.16000  -310.16000  -310.16000  -310.16000  -310.16000  -310.16000  -310.16000  -310.16000  -310.16000  -310.16000  -310.16000  -310.16000  -310.16000  -310.16000  -310.16000  -310.16000  -310.16000  -310.16000  -310.16000  -310.16000  -310.16000  -310.16000  -310.16000  -310.16000  -310.16000  -310.16000  -310.16000  -310.16000  -310.16000  -310.16000  -310.16000  -310.16000  -310.16000  -310.16000  -310.16000  -310.16000  -310.16000  -310.16000  -310.16000  -310.16000  -310.16000  -310.16000  -310.16000  -310.16000  -310.16000  -310.16000  -310.16000  -310.16000  -310.16000  -310.16000  -310.16000  -310.16000  -310.16000  -310.16000  -310.16000
  -310.14001  -310.14001  -310.14001  -310.14001  -310.14001  -310.14001  -310.14001  -310.14001  -310.14001  -310.14001  -310.14001  -310.14001  -310.14001  -310.14001  -310.14001  -310.14001  -310.14001  -310.14001  -310.14001  -310.14001  -310.14001  -310.14001  -310.14001  -310.14001  -310.14001  -310.14001  -310.14001  -310.14001  -310.14001  -310.14001  -310.14001  -310.14001  -310.14001  -310.14001  -310.14001  -310.14001  -310.14001  -310.14001  -310.14001  -310.14001  -310.14001  -310.14001  -310.14001  -310.14001  -310.14001  -310.14001  -310.14001  -310.14001  -310.14001  -310.14001  -310.14001  -310.14001  -310.14001  -310.14001  -310.14001  -310.14001  -310.14001  -310.14001  -310.14001  -310.14001  -310.14001  -310.14001  -310.14001  -310.14001  -310.14001  -310.14001  -310.14001  -310.14001  -310.14001  -310.14001  -310.14001  -310.14001  -310.14001  -310.14001  -310.14001  -310.14001  -310.14001  -310.14001  -310.14001  -310.14001  -310.14001
  -310.12000  -310.12000  -310.12000  -310.12000  -310.12000  -310.12000  -310.12000  -310.12000  -310.12000  -310.12000  -310.12000  -310.12000  -310.12000  -310.12000  -310.12000  -310.12000  -310.12000  -310.12000  -310.12000  -310.12000  -310.12000  -310.12000  -310.12000  -310.12000  -310.12000  -310.12000  -310.12000  -310.12000  -310.12000  -310.12000  -310.12000  -310.12000  -310.12000  -310.12000  -310.12000  -310.12000  -310.12000  -310.12000  -310.12000  -310.12000  -310.12000  -310.12000  -310.12000  -310.12000  -310.12000  -310.12000  -310.12000  -310.12000  -310.12000  -310.12000  -310.12000  -310.12000  -310.12000  -310.12000  -310.12000  -310.12000  -310.12000  -310.12000  -310.12000  -310.12000  -310.12000  -310.12000  -310.12000  -310.12000  -310.12000  -310.12000  -310.12000  -310.12000  -310.12000  -310.12000  -310.12000  -310.12000  -310.12000  -310.12000  -310.12000  -310.12000  -310.12000  -310.12000  -310.12000  -310.12000  -310.12000
  -310.10001  -310.10001  -310.10001  -310.10001  -310.10001  -310.10001  -310.10001  -310.10001  -310.10001  -310.10001  -310.10001  -310.10001  -310.10001  -310.10001  -310.10001  -310.10001  -310.10001  -310.10001  -310.10001  -310.10001  -310.10001  -310.10001  -310.10001  -310.10001  -310.10001  -310.10001  -310.10001  -310.10001  -310.10001  -310.10001  -310.10001  -310.10001  -310.10001  -310.10001  -310.10001  -310.10001  -310.10001  -310.10001  -310.10001  -310.10001  -310.10001  -310.10001  -310.10001  -310.10001  -310.10001  -310.10001  -310.10001  -310.10001  -310.10001  -310.10001  -310.10001  -310.10001  -310.10001  -310.10001  -310.10001  -310.10001  -310.10001  -310.10001  -310.10001  -310.10001  -310.10001  -310.10001  -310.10001  -310.10001  -310.10001  -310.10001  -310.10001  -310.10001  -310.10001  -310.10001  -310.10001  -310.10001  -310.10001  -310.10001  -310.10001  -310.10001  -310.10001  -310.10001  -310.10001  -310.10001  -310.10001
  -310.07999  -310.07999  -310.07999  -310.07999  -310.07999  -310.07999  -310.07999  -310.07999  -310.07999  -310.07999  -310.07999  -310.07999  -310.07999  -310.07999  -310.07999  -310.07999  -310.07999  -310.07999  -310.07999  -310.07999  -310.07999  -310.07999  -310.07999  -310.07999  -310.07999  -310.07999  -310.07999  -310.07999  -310.07999  -310.07999  -310.07999  -310.07999  -310.07999  -310.07999  -310.07999  -310.07999  -310.07999  -310.07999  -310.07999  -310.07999  -310.07999  -310.07999  -310.07999  -310.07999  -310.07999  -310.07999  -310.07999  -310.07999  -310.07999  -310.07999  -310.07999  -310.07999  -310.07999  -310.07999  -310.07999  -310.07999  -310.07999  -310.07999  -310.07999  -310.07999  -310.07999  -310.07999  -310.07999  -310.07999  -310.07999  -310.07999  -310.07999  -310.07999  -310.07999  -310.07999  -310.07999  -310.07999  -310.07999  -310.07999  -310.07999  -310.07999  -310.07999  -310.07999  -310.07999  -310.07999  -310.07999
  -310.06000  -310.06000  -310.06000  -310.06000  -310.06000  -310.06000  -310.06000  -310.06000  -310.06000  -310.06000  -310.06000  -310.06000  -310.06000  -310.06000  -310.06000  -310.06000  -310.06000  -310.06000  -310.06000  -310.06000  -310.06000  -310.06000  -310.06000  -310.06000  -310.06000  -310.06000  -310.06000  -310.06000  -310.06000  -310.06000  -310.06000  -310.06000  -310.06000  -310.06000  -310.06000  -310.06000  -310.06000  -310.06000  -310.06000  -310.06000  -310.06000  -310.06000  -310.06000  -310.06000  -310.06000  -310.06000  -310.06000  -310.06000  -310.06000  -310.06000  -310.06000  -310.06000  -310.06000  -310.06000  -310.06000  -310.06000  -310.06000  -310.06000  -310.06000  -310.06000  -310.06000  -310.06000  -310.06000  -310.06000  -310.06000  -310.06000  -310.06000  -310.06000  -310.06000  -310.06000  -310.06000  -310.06000  -310.06000  -310.06000  -310.06000  -310.06000  -310.06000  -310.06000  -310.06000  -310.06000  -310.06000
  -310.04001  -310.04001  -310.04001  -310.04001  -310.04001  -310.04001  -310.04001  -310.04001  -310.04001  -310.04001  -310.04001  -310.04001  -310.04001  -310.04001  -310.04001  -310.04001  -310.04001  -310.04001  -310.04001  -310.04001  -310.04001  -310.04001  -310.04001  -310.04001  -310.04001  -310.04001  -310.04001  -310.04001  -310.04001  -310.04001  -310.04001  -310.04001  -310.04001  -310.04001  -310.04001  -310.04001  -310.04001  -310.04001  -310.04001  -310.04001  -310.04001  -310.04001  -310.04001  -310.04001  -310.04001  -310.04001  -310.04001  -310.04001  -310.04001  -310.04001  -310.04001  -310.04001  -310.04001  -310.04001  -310.04001  -310.04001  -310.04001  -310.04001  -310.04001  -310.04001  -310.04001  -310.04001  -310.04001  -310.04001  -310.04001  -310.04001  -310.04001  -310.04001  -310.04001  -310.04001  -310.04001  -310.04001  -310.04001  -310.04001  -310.04001  -310.04001  -310.04001  -310.04001  -310.04001  -310.04001  -310.04001
  -310.01999  -310.01999  -310.01999  -310.01999  -310.01999  -310.01999  -310.01999  -310.01999  -310.01999  -310.01999  -310.01999  -310.01999  -310.01999  -310.01999  -310.01999  -310.01999  -310.01999  -310.01999  -310.01999  -310.01999  -310.01999  -310.01999  -310.01999  -310.01999  -310.01999  -310.01999  -310.01999  -310.01999  -310.01999  -310.01999  -310.01999  -310.01999  -310.01999  -310.01999  -310.01999  -310.01999  -310.01999  -310.01999  -310.01999  -310.01999  -310.01999  -310.01999  -310.01999  -310.01999  -310.01999  -310.01999  -310.01999  -310.01999  -310.01999  -310.01999  -310.01999  -310.01999  -310.01999  -310.01999  -310.01999  -310.01999  -310.01999  -310.01999  -310.01999  -310.01999  -310.01999  -310.01999  -310.01999  -310.01999  -310.01999  -310.01999  -310.01999  -310.01999  -310.01999  -310.01999  -310.01999  -310.01999  -310.01999  -310.01999  -310.01999  -310.01999  -310.01999  -310.01999  -310.01999  -310.01999  -310.01999
  1490.00000  1470.00000  1450.00000  1430.00000  1410.00000  1390.00000  1370.00000  1350.00000  1330.00000  1310.00000  1290.00000  1270.00000  1250.00000  1230.00000  1210.00000  1190.00000  1170.00000  1150.00000  1130.00000  1110.00000  1090.00000  1070.00000  1050.00000  1030.00000  1010.00000   990.00000   970.00000   950.00000   930.00000   910.00000   890.00000   870.00000   850.00000   830.00000   810.00000   790.00000   770.00000   750.00000   730.00000   710.00000   690.00000   710.00000   730.00000   750.00000   770.00000   790.00000   810.00000   830.00000   850.00000   870.00000   890.00000   910.00000   930.00000   950.00000   970.00000   990.00000  1010.00000  1030.00000  1050.00000  1070.00000  1090.00000  1110.00000  1130.00000  1150.00000  1170.00000  1190.00000  1210.00000  1230.00000  1250.00000  1270.00000  1290.00000  1310.00000  1330.00000  1350.00000  1370.00000  1390.00000  1410.00000  1430.00000  1450.00000  1470.00000  1490.00000
  1510.00000  1490.00000  1470.00000  1450.00000  1430.00000  1410.00000  1390.00000  1370.00000  1350.00000  1330.00000  1310.00000  1290.00000  1270.00000  1250.00000  1230.00000  1210.00000  1190.00000  1170.00000  1150.00000  1130.00000  1110.00000  1090.00000  1070.00000  1050.00000  1030.00000  1010.00000   990.00000   970.00000   950.00000   930.00000   910.00000   890.00000   870.00000   850.00000   830.00000   810.00000   790.00000   770.00000   750.00000   730.00000   710.00000   730.00000   750.00000   770.00000   790.00000   810.00000   830.00000   850.00000   870.00000   890.00000   910.00000   930.00000   950.00000   970.00000   990.00000  1010.00000  1030.00000  1050.00000  1070.00000  1090.00000  1110.00000  1130.00000  1150.00000  1170.00000  1190.00000  1210.00000  1230.00000  1250.00000  1270.00000  1290.00000  1310.00000  1330.00000  1350.00000  1370.00000  1390.00000  1410.00000  1430.00000  1450.00000  1470.00000  1490.00000  1510.00000
  1530.00000  1510.00000  1490.00000  1470.00000  1450.00000  1430.00000  1410.00000  1390.00000  1370.00000  1350.00000  1330.00000  1310.00000  1290.00000  1270.00000  1250.00000  1230.00000  1210.00000  1190.00000  1170.00000  1150.00000  1130.00000  1110.00000  1090.00000  1070.00000  1050.00000  1030.00000  1010.00000   990.00000   970.00000   950.00000   930.00000   910.00000   890.00000   870.00000   850.00000   830.00000   810.00000   790.00000   770.00000   750.00000   730.00000   750.00000   770.00000   790.00000   810.00000   830.00000   850.00000   870.00000   890.00000   910.00000   930.00000   950.00000   970.00000   990.00000  1010.00000  1030.00000  1050.00000  1070.00000  1090.00000  1110.00000  1130.00000  1150.00000  1170.00000  1190.00000  1210.00000  1230.00000  1250.00000  1270.00000  1290.00000  1310.00000  1330.00000  1350.00000  1370.00000  1390.00000  1410.00000  1430.00000  1450.00000  1470.00000  1490.00000  1510.00000  1530.00000
  1550.00000  1530.00000  1510.00000  1490.00000  1470.00000  1450.00000  1430.00000  1410.00000  1390.00000  1370.00000  1350.00000  1330.00000  1310.00000  1290.00000  1270.00000  1250.00000  1230.00000  1210.00000  1190.00000  1170.00000  1150.00000  1130.00000  1110.00000  1090.00000  1070.00000  1050.00000  1030.00000  1010.00000   990.00000   970.00000   950.00000   930.00000   910.00000   890.00000   870.00000   850.00000   830.00000   810.00000   790.00000   770.00000   750.00000   770.00000   790.00000   810.00000   830.00000   850.00000   870.00000   890.00000   910.00000   930.00000   950.00000   970.00000   990.00000  1010.00000  1030.00000  1050.00000  1070.00000  1090.00000  1110.00000  1130.00000  1150.00000  1170.00000  1190.00000  1210.00000  1230.00000  1250.00000  1270.00000  1290.00000  1310.00000  1330.00000  1350.00000  1370.00000  1390.00000  1410.00000  1430.00000  1450.00000  1470.00000  1490.00000  1510.00000  1530.00000  1550.00000
  1570.00000  1550.00000  1530.00000  1510.00000  1490.00000  1470.00000  1450.00000  1430.00000  1410.00000  1390.00000  1370.00000  1350.00000  1330.00000  1310.00000  1290.00000  1270.00000  1250.00000  1230.00000  1210.00000  1190.00000  1170.00000  1150.00000  1130.00000  1110.00000  1090.00000  1070.00000  1050.00000  1030.00000  1010.00000   990.00000   970.00000   950.00000   930.00000   910.00000   890.00000   870.00000   850.00000   830.00000   810.00000   790.00000   770.00000   790.00000   810.00000   830.00000   850.00000   870.00000   890.00000   910.00000   930.00000   950.00000   970.00000   990.00000  1010.00000  1030.00000  1050.00000  1070.00000  1090.00000  1110.00000  1130.00000  1150.00000  1170.00000  1190.00000  1210.00000  1230.00000  1250.00000  1270.00000  1290.00000  1310.00000  1330.00000  1350.00000  1370.00000  1390.00000  1410.00000  1430.00000  1450.00000  1470.00000  1490.00000  1510.00000  1530.00000  1550.00000  1570.00000
  1590.00000  1570.00000  1550.00000  1530.00000  1510.00000  1490.00000  1470.00000  1450.00000  1430.00000  1410.00000  1390.00000  1370.00000  1350.00000  1330.00000  1310.00000  1290.00000  1270.00000  1250.00000  1230.00000  1210.00000  1190.00000  1170.00000  1150.00000  1130.00000  1110.00000  1090.00000  1070.00000  1050.00000  1030.00000  1010.00000   990.00000   970.00000   950.00000   930.00000   910.00000   890.00000   870.00000   850.00000   830.00000   810.00000   790.00000   810.00000   830.00000   850.00000   870.00000   890.00000   910.00000   930.00000   950.00000   970.00000   990.00000  1010.00000  1030.00000  1050.00000  1070.00000  1090.00000  1110.00000  1130.00000  1150.00000  1170.00000  1190.00000  1210.00000  1230.00000  1250.00000  1270.00000  1290.00000  1310.00000  1330.00000  1350.00000  1370.00000  1390.00000  1410.00000  1430.00000  1450.00000  1470.00000  1490.00000  1510.00000  1530.00000  1550.00000  1570.00000  1590.00000
  1610.00000  1590.00000  1570.00000  1550.00000  1530.00000  1510.00000  1490.00000  1470.00000  1450.00000  1430.00000  1410.00000  1390.00000  1370.00000  1350.00000  1330.00000  1310.00000  1290.00000  1270.00000  1250.00000  1230.00000  1210.00000  1190.00000  1170.00000  1150.00000  1130.00000  1110.00000  1090.00000  1070.00000  1050.00000  1030.00000  1010.00000   990.00000   970.00000   950.00000   930.00000   910.00000   890.00000   870.00000   850.00000   830.00000   810.00000   830.00000   850.00000   870.00000   890.00000   910.00000   930.00000   950.00000   970.00000   990.00000  1010.00000  1030.00000  1050.00000  1070.00000  1090.00000  1110.00000  1130.00000  1150.00000  1170.00000  1190.00000  1210.00000  1230.00000  1250.00000  1270.00000  1290.00000  1310.00000  1330.00000  1350.00000  1370.00000  1390.00000  1410.00000  1430.00000  1450.00000  1470.00000  1490.00000  1510.00000  1530.00000  1550.00000  1570.00000  1590.00000  1610.00000
  1630.00000  1610.00000  1590.00000  1570.00000  1550.00000  1530.00000  1510.00000  1490.00000  1470.00000  1450.00000  1430.00000  1410.00000  1390.00000  1370.00000  1350.00000  1330.00000  1310.00000  1290.00000  1270.00000  1250.00000  1230.00000  1210.00000  1190.00000  1170.00000  1150.00000  1130.00000  1110.00000  1090.00000  1070.00000  1050.00000  1030.00000  1010.00000   990.00000   970.00000   950.00000   930.00000   910.00000   890.00000   870.00000   850.00000   830.00000   850.00000   870.00000   890.00000   910.00000   930.00000   950.00000   970.00000   990.00000  1010.00000  1030.00000  1050.00000  1070.00000  1090.00000  1110.00000  1130.00000  1150.00000  1170.00000  1190.00000  1210.00000  1230.00000  1250.00000  1270.00000  1290.00000  1310.00000  1330.00000  1350.00000  1370.00000  1390.00000  1410.00000  1430.00000  1450.00000  1470.00000  1490.00000  1510.00000  1530.00000  1550.00000  1570.00000  1590.00000  1610.00000  1630.00000
  1650.00000  1630.00000  1610.00000  1590.00000  1570.00000  1550.00000  1530.00000  1510.00000  1490.00000  1470.00000  1450.00000  1430.00000  1410.00000  1390.00000  1370.00000  1350.00000  1330.00000  1310.00000  1290.00000  1270.00000  1250.00000  1230.00000  1210.00000  1190.00000  1170.00000  1150.00000  1130.00000  1110.00000  1090.00000  1070.00000  1050.00000  1030.00000  1010.00000   990.00000   970.00000   950.00000   930.00000   910.00000   890.00000   870.00000   850.00000   870.00000   890.00000   910.00000   930.00000   950.00000   970.00000   990.00000  1010.00000  1030.00000  1050.00000  1070.00000  1090.00000  1110.00000  1130.00000  1150.00000  1170.00000  1190.00000  1210.00000  1230.00000  1250.00000  1270.00000  1290.00000  1310.00000  1330.00000  1350.00000  1370.00000  1390.00000  1410.00000  1430.00000  1450.00000  1470.00000  1490.00000  1510.00000  1530.00000  1550.00000  1570.00000  1590.00000  1610.00000  1630.00000  1650.00000
  1670.00000  1650.00000  1630.00000  1610.00000  1590.00000  1570.00000  1550.00000  1530.00000  1510.00000  1490.00000  1470.00000  1450.00000  1430.00000  1410.00000  1390.00000  1370.00000  1350.00000  1330.00000  1310.00000  1290.00000  1270.00000  1250.00000  1230.00000  1210.00000  1190.00000  1170.00000  1150.00000  1130.00000  1110.00000  1090.00000  1070.00000  1050.00000  1030.00000  1010.00000   990.00000   970.00000   950.00000   930.00000   910.00000   890.00000   870.00000   890.00000   910.00000   930.00000   950.00000   970.00000   990.00000  1010.00000  1030.00000  1050.00000  1070.00000  1090.00000  1110.00000  1130.00000  1150.00000  1170.00000  1190.00000  1210.00000  1230.00000  1250.00000  1270.00000  1290.00000  1310.00000  1330.00000  1350.00000  1370.00000  1390.00000  1410.00000  1430.00000  1450.00000  1470.00000  1490.00000  1510.00000  1530.00000  1550.00000  1570.00000  1590.00000  1610.00000  1630.00000  1650.00000  1670.00000
  1690.00000  1670.00000  1650.00000  1630.00000  1610.00000  1590.00000  1570.00000  1550.00000  1530.00000  1510.00000  1490.00000  1470.00000  1450.00000  1430.00000  1410.00000  1390.00000  1370.00000  1350.00000  1330.00000  1310.00000  1290.00000  1270.00000  1250.00000  1230.00000  1210.00000  1190.00000  1170.00000  1150.00000  1130.00000  1110.00000  1090.00000  1070.00000  1050.00000  1030.00000  1010.00000   990.00000   970.00000   950.00000   930.00000   910.00000   890.00000   910.00000   930.00000   950.00000   970.00000   990.00000  1010.00000  1030.00000  1050.00000  1070.00000  1090.00000  1110.00000  1130.00000  1150.00000  1170.00000  1190.00000  1210.00000  1230.00000  1250.00000  1270.00000  1290.00000  1310.00000  1330.00000  1350.00000  1370.00000  1390.00000  1410.00000  1430.00000  1450.00000  1470.00000  1490.00000  1510.00000  1530.00000  1550.00000  1570.00000  1590.00000  1610.00000  1630.00000  1650.00000  1670.00000  1690.00000
  1710.00000  1690.00000  1670.00000  1650.00000  1630.00000  1610.00000  1590.00000  1570.00000  1550.00000  1530.00000  1510.00000  1490.00000  1470.00000  1450.00000  1430.00000  1410.00000  1390.00000  1370.00000  1350.00000  1330.00000  1310.00000  1290.00000  1270.00000  1250.00000  1230.00000  1210.00000  1190.00000  1170.00000  1150.00000  1130.00000  1110.00000  1090.00000  1070.00000  1050.00000  1030.00000  1010.00000   990.00000   970.00000   950.00000   930.00000   910.00000   930.00000   950.00000   970.00000   990.00000  1010.00000  1030.00000  1050.00000  1070.00000  1090.00000  1110.00000  1130.00000  1150.00000  1170.00000  1190.00000  1210.00000  1230.00000  1250.00000  1270.00000  1290.00000  1310.00000  1330.00000  1350.00000  1370.00000  1390.00000  1410.00000  1430.00000  1450.00000  1470.00000  1490.00000  1510.00000  1530.00000  1550.00000  1570.00000  1590.00000  1610.00000  1630.00000  1650.00000  1670.00000  1690.00000  1710.00000
  1730.00000  1710.00000  1690.00000  1670.00000  1650.00000  1630.00000  1610.00000  1590.00000  1570.00000  1550.00000  1530.00000  1510.00000  1490.00000  1470.00000  1450.00000  1430.00000  1410.00000  1390.00000  1370.00000  1350.00000  1330.00000  1310.00000  1290.00000  1270.00000  1250.00000  1230.00000  1210.00000  1190.00000  1170.00000  1150.00000  1130.00000  1110.00000  1090.00000  1070.00000  1050.00000  1030.00000  1010.00000   990.00000   970.00000   950.00000   930.00000   950.00000   970.00000   990.00000  1010.00000  1030.00000  1050.00000  1070.00000  1090.00000  1110.00000  1130.00000  1150.00000  1170.00000  1190.00000  1210.00000  1230.00000  1250.00000  1270.00000  1290.00000  1310.00000  1330.00000  1350.00000  1370.00000  1390.00000  1410.00000  1430.00000  1450.00000  1470.00000  1490.00000  1510.00000  1530.00000  1550.00000  1570.00000  1590.00000  1610.00000  1630.00000  1650.00000  1670.00000  1690.00000  1710.00000  1730.00000
  1750.00000  1730.00000  1710.00000  1690.00000  1670.00000  1650.00000  1630.00000  1610.00000  1590.00000  1570.00000  1550.00000  1530.00000  1510.00000  1490.00000  1470.00000  1450.00000  1430.00000  1410.00000  1390.00000  1370.00000  1350.00000  1330.00000  1310.00000  1290.00000  1270.00000  1250.00000  1230.00000  1210.00000  1190.00000  1170.00000  1150.00000  1130.00000  1110.00000  1090.00000  1070.00000  1050.00000  1030.00000  1010.00000   990.00000   970.00000   950.00000   970.00000   990.00000  1010.00000  1030.00000  1050.00000  1070.00000  1090.00000  1110.00000  1130.00000  1150.00000  1170.00000  1190.00000  1210.00000  1230.00000  1250.00000  1270.00000  1290.00000  1310.00000  1330.00000  1350.00000  1370.00000  1390.00000  1410.00000  1430.00000  1450.00000  1470.00000  1490.00000  1510.00000  1530.00000  1550.00000  1570.00000  1590.00000  1610.00000  1630.00000  1650.00000  1670.00000  1690.00000  1710.00000  1730.00000  1750.00000
  1770.00000  1750.00000  1730.00000  1710.00000  1690.00000  1670.00000  1650.00000  1630.00000  1610.00000  1590.00000  1570.00000  1550.00000  1530.00000  1510.00000  1490.00000  1470.00000  1450.00000  1430.00000  1410.00000  1390.00000  1370.00000  1350.00000  1330.00000  1310.00000  1290.00000  1270.00000  1250.00000  1230.00000  1210.00000  1190.00000  1170.00000  1150.00000  1130.00000  1110.00000  1090.00000  1070.00000  1050.00000  1030.00000  1010.00000   990.00000   970.00000   990.00000  1010.00000  1030.00000  1050.00000  1070.00000  1090.00000  1110.00000  1130.00000  1150.00000  1170.00000  1190.00000  1210.00000  1230.00000  1250.00000  1270.00000  1290.00000  1310.00000  1330.00000  1350.00000  1370.00000  1390.00000  1410.00000  1430.00000  1450.00000  1470.00000  1490.00000  1510.00000  1530.00000  1550.00000  1570.00000  1590.00000  1610.00000  1630.00000  1650.00000  1670.00000  1690.00000  1710.00000  1730.00000  1750.00000  1770.00000
  1790.00000  1770.00000  1750.00000  1730.00000  1710.00000  1690.00000  1670.00000  1650.00000  1630.00000  1610.00000  1590.00000  1570.00000  1550.00000  1530.00000  1510.00000  1490.00000  1470.00000  1450.00000  1430.00000  1410.00000  1390.00000  1370.00000  1350.00000  1330.00000  1310.00000  1290.00000  1270.00000  1250.00000  1230.00000  1210.00000  1190.00000  1170.00000  1150.00000  1130.00000  1110.00000  1090.00000  1070.00000  1050.00000  1030.00000  1010.00000   990.00000  1010.00000  1030.00000  1050.00000  1070.00000  1090.00000  1110.00000  1130.00000  1150.00000  1170.00000  1190.00000  1210.00000  1230.00000  1250.00000  1270.00000  1290.00000  1310.00000  1330.00000  1350.00000  1370.00000  1390.00000  1410.00000  1430.00000  1450.00000  1470.00000  1490.00000  1510.00000  1530.00000  1550.00000  1570.00000  1590.00000  1610.00000  1630.00000  1650.00000  1670.00000  1690.00000  1710.00000  1730.00000  1750.00000  1770.00000  1790.00000
  1810.00000  1790.00000  1770.00000  1750.00000  1730.00000  1710.00000  1690.00000  1670.00000  1650.00000  1630.00000  1610.00000  1590.00000  1570.00000  1550.00000  1530.00000  1510.00000  1490.00000  1470.00000  1450.00000  1430.00000  1410.00000  1390.00000  1370.00000  1350.00000  1330.00000  1310.00000  1290.00000  1270.00000  1250.00000  1230.00000  1210.00000  1190.00000  1170.00000  1150.00000  1130.00000  1110.00000  1090.00000  1070.00000  1050.00000  1030.00000  1010.00000  1030.00000  1050.00000  1070.00000  1090.00000  1110.00000  1130.00000  1150.00000  1170.00000  1190.00000  1210.00000  1230.00000  1250.00000  1270.00000  1290.00000  1310.00000  1330.00000  1350.00000  1370.00000  1390.00000  1410.00000  1430.00000  1450.00000  1470.00000  1490.00000  1510.00000  1530.00000  1550.00000  1570.00000  1590.00000  1610.00000  1630.00000  1650.00000  1670.00000  1690.00000  1710.00000  1730.00000  1750.00000  1770.00000  1790.00000  1810.00000
  1830.00000  1810.00000  1790.00000  1770.00000  1750.00000  1730.00000  1710.00000  1690.00000  1670.00000  1650.00000  1630.00000  1610.00000  1590.00000  1570.00000  1550.00000  1530.00000  1510.00000  1490.00000  1470.00000  1450.00000  1430.00000  1410.00000  1390.00000  1370.00000  1350.00000  1330.00000  1310.00000  1290.00000  1270.00000  1250.00000  1230.00000  1210.00000  1190.00000  1170.00000  1150.00000  1130.00000  1110.00000  1090.00000  1070.00000  1050.00000  1030.00000  1050.00000  1070.00000  1090.00000  1110.00000  1130.00000  1150.00000  1170.00000  1190.00000  1210.00000  1230.00000  1250.00000  1270.00000  1290.00000  1310.00000  1330.00000  1350.00000  1370.00000  1390.00000  1410.00000  1430.00000  1450.00000  1470.00000  1490.00000  1510.00000  1530.00000  1550.00000  1570.00000  1590.00000  1610.00000  1630.00000  1650.00000  1670.00000  1690.00000  1710.00000  1730.00000  1750.00000  1770.00000  1790.00000  1810.00000  1830.00000
  1850.00000  1830.00000  1810.00000  1790.00000  1770.00000  1750.00000  1730.00000  1710.00000  1690.00000  1670.00000  1650.00000  1630.00000  1610.00000  1590.00000  1570.00000  1550.00000  1530.00000  1510.00000  1490.00000  1470.00000  1450.00000  1430.00000  1410.00000  1390.00000  1370.00000  1350.00000  1330.00000  1310.00000  1290.00000  1270.00000  1250.00000  1230.00000  1210.00000  1190.00000  1170.00000  1150.00000  1130.00000  1110.00000  1090.00000  1070.00000  1050.00000  1070.00000  1090.00000  1110.00000  1130.00000  1150.00000  1170.00000  1190.00000  1210.00000  1230.00000  1250.00000  1270.00000  1290.00000  1310.00000  1330.00000  1350.00000  1370.00000  1390.00000  1410.00000  1430.00000  1450.00000  1470.00000  1490.00000  1510.00000  1530.00000  1550.00000  1570.00000  1590.00000  1610.00000  1630.00000  1650.00000  1670.00000  1690.00000  1710.00000  1730.00000  1750.00000  1770.00000  1790.00000  1810.00000  1830.00000  1850.00000
  1870.00000  1850.00000  1830.00000  1810.00000  1790.00000  1770.00000  1750.00000  1730.00000  1710.00000  1690.00000  1670.00000  1650.00000  1630.00000  1610.00000  1590.00000  1570.00000  1550.00000  1530.00000  1510.00000  1490.00000  1470.00000  1450.00000  1430.00000  1410.00000  1390.00000  1370.00000  1350.00000  1330.00000  1310.00000  1290.00000  1270.00000  1250.00000  1230.00000  1210.00000  1190.00000  1170.00000  1150.00000  1130.00000  1110.00000  1090.00000  1070.00000  1090.00000  1110.00000  1130.00000  1150.00000  1170.00000  1190.00000  1210.00000  1230.00000  1250.00000  1270.00000  1290.00000  1310.00000  1330.00000  1350.00000  1370.00000  1390.00000  1410.00000  1430.00000  1450.00000  1470.00000  1490.00000  1510.00000  1530.00000  1550.00000  1570.00000  1590.00000  1610.00000  1630.00000  1650.00000  1670.00000  1690.00000  1710.00000  1730.00000  1750.00000  1770.00000  1790.00000  1810.00000  1830.00000  1850.00000  1870.00000
  1890.00000  1870.00000  1850.00000  1830.00000  1810.00000  1790.00000  1770.00000  1750.00000  1730.00000  1710.00000  1690.00000  1670.00000  1650.00000  1630.00000  1610.00000  1590.00000  1570.00000  1550.00000  1530.00000  1510.00000  1490.00000  1470.00000  1450.00000  1430.00000  1410.00000  1390.00000  1370.00000  1350.00000  1330.00000  1310.00000  1290.00000  1270.00000  1250.00000  1230.00000  1210.00000  1190.00000  1170.00000  1150.00000  1130.00000  1110.00000  1090.00000  1110.00000  1130.00000  1150.00000  1170.00000  1190.00000  1210.00000  1230.00000  1250.00000  1270.00000  1290.00000  1310.00000  1330.00000  1350.00000  1370.00000  1390.00000  1410.00000  1430.00000  1450.00000  1470.00000  1490.00000  1510.00000  1530.00000  1550.00000  1570.00000  1590.00000  1610.00000  1630.00000  1650.00000  1670.00000  1690.00000  1710.00000  1730.00000  1750.00000  1770.00000  1790.00000  1810.00000  1830.00000  1850.00000  1870.00000  1890.00000
  1910.00000  1890.00000  1870.00000  1850.00000  1830.00000  1810.00000  1790.00000  1770.00000  1750.00000  1730.00000  1710.00000  1690.00000  1670.00000  1650.00000  1630.00000  1610.00000  1590.00000  1570.00000  1550.00000  1530.00000  1510.00000  1490.00000  1470.00000  1450.00000  1430.00000  1410.00000  1390.00000  1370.00000  1350.00000  1330.00000  1310.00000  1290.00000  1270.00000  1250.00000  1230.00000  1210.00000  1190.00000  1170.00000  1150.00000  1130.00000  1110.00000  1130.00000  1150.00000  1170.00000  1190.00000  1210.00000  1230.00000  1250.00000  1270.00000  1290.00000  1310.00000  1330.00000  1350.00000  1370.00000  1390.00000  1410.00000  1430.00000  1450.00000  1470.00000  1490.00000  1510.00000  1530.00000  1550.00000  1570.00000  1590.00000  1610.00000  1630.00000  1650.00000  1670.00000  1690.00000  1710.00000  1730.00000  1750.00000  1770.00000  1790.00000  1810.00000  1830.00000  1850.00000  1870.00000  1890.00000  1910.00000
  1930.00000  1910.00000  1890.00000  1870.00000  1850.00000  1830.00000  1810.00000  1790.00000  1770.00000  1750.00000  1730.00000  1710.00000  1690.00000  1670.00000  1650.00000  1630.00000  1610.00000  1590.00000  1570.00000  1550.00000  1530.00000  1510.00000  1490.00000  1470.00000  1450.00000  1430.00000  1410.00000  1390.00000  1370.00000  1350.00000  1330.00000  1310.00000  1290.00000  1270.00000  1250.00000  1230.00000  1210.00000  1190.00000  1170.00000  1150.00000  1130.00000  1150.00000  1170.00000  1190.00000  1210.00000  1230.00000  1250.00000  1270.00000  1290.00000  1310.00000  1330.00000  1350.00000  1370.00000  1390.00000  1410.00000  1430.00000  1450.00000  1470.00000  1490.00000  1510.00000  1530.00000  1550.00000  1570.00000  1590.00000  1610.00000  1630.00000  1650.00000  1670.00000  1690.00000  1710.00000  1730.00000  1750.00000  1770.00000  1790.00000  1810.00000  1830.00000  1850.00000  1870.00000  1890.00000  1910.00000  1930.00000
  1950.00000  1930.00000  1910.00000  1890.00000  1870.00000  1850.00000  1830.00000  1810.00000  1790.00000  1770.00000  1750.00000  1730.00000  1710.00000  1690.00000  1670.00000  1650.00000  1630.00000  1610.00000  1590.00000  1570.00000  1550.00000  1530.00000  1510.00000  1490.00000  1470.00000  1450.00000  1430.00000  1410.00000  1390.00000  1370.00000  1350.00000  1330.00000  1310.00000  1290.00000  1270.00000  1250.00000  1230.00000  1210.00000  1190.00000  1170.00000  1150.00000  1170.00000  1190.00000  1210.00000  1230.00000  1250.00000  1270.00000  1290.00000  1310.00000  1330.00000  1350.00000  1370.00000  1390.00000  1410.00000  1430.00000  1450.00000  1470.00000  1490.00000  1510.00000  1530.00000  1550.00000  1570.00000  1590.00000  1610.00000  1630.00000  1650.00000  1670.00000  1690.00000  1710.00000  1730.00000  1750.00000  1770.00000  1790.00000  1810.00000  1830.00000  1850.00000  1870.00000  1890.00000  1910.00000  1930.00000  1950.00000
  1970.00000  1950.00000  1930.00000  1910.00000  1890.00000  1870.00000  1850.00000  1830.00000  1810.00000  1790.00000  1770.00000  1750.00000  1730.00000  1710.00000  1690.00000  1670.00000  1650.00000  1630.00000  1610.00000  1590.00000  1570.00000  1550.00000  1530.00000  1510.00000  1490.00000  1470.00000  1450.00000  1430.00000  1410.00000  1390.00000  1370.00000  1350.00000  1330.00000  1310.00000  1290.00000  1270.00000  1250.00000  1230.00000  1210.00000  1190.00000  1170.00000  1190.00000  1210.00000  1230.00000  1250.00000  1270.00000  1290.00000  1310.00000  1330.00000  1350.00000  1370.00000  1390.00000  1410.00000  1430.00000  1450.00000  1470.00000  1490.00000  1510.00000  1530.00000  1550.00000  1570.00000  1590.00000  1610.00000  1630.00000  1650.00000  1670.00000  1690.00000  1710.00000  1730.00000  1750.00000  1770.00000  1790.00000  1810.00000  1830.00000  1850.00000  1870.00000  1890.00000  1910.00000  1930.00000  1950.00000  1970.00000
  1990.00000  1970.00000  1950.00000  1930.00000  1910.00000  1890.00000  1870.00000  1850.00000  1830.00000  1810.00000  1790.00000  1770.00000  1750.00000  1730.00000  1710.00000  1690.00000  1670.00000  1650.00000  1630.00000  1610.00000  1590.00000  1570.00000  1550.00000  1530.00000  1510.00000  1490.00000  1470.00000  1450.00000  1430.00000  1410.00000  1390.00000  1370.00000  1350.00000  1330.00000  1310.00000  1290.00000  1270.00000  1250.00000  1230.00000  1210.00000  1190.00000  1210.00000  1230.00000  1250.00000  1270.00000  1290.00000  1310.00000  1330.00000  1350.00000  1370.00000  1390.00000  1410.00000  1430.00000  1450.00000  1470.00000  1490.00000  1510.00000  1530.00000  1550.00000  1570.00000  1590.00000  1610.00000  1630.00000  1650.00000  1670.00000  1690.00000  1710.00000  1730.00000  1750.00000  1770.00000  1790.00000  1810.00000  1830.00000  1850.00000  1870.00000  1890.00000  1910.00000  1930.00000  1950.00000  1970.00000  1990.00000
  2010.00000  1990.00000  1970.00000  1950.00000  1930.00000  1910.00000  1890.00000  1870.00000  1850.00000  1830.00000  1810.00000  1790.00000  1770.00000  1750.00000  1730.00000  1710.00000  1690.00000  1670.00000  1650.00000  1630.00000  1610.00000  1590.00000  1570.00000  1550.00000  1530.00000  1510.00000  1490.00000  1470.00000  1450.00000  1430.00000  1410.00000  1390.00000  1370.00000  1350.00000  1330.00000  1310.00000  1290.00000  1270.00000  1250.00000  1230.00000  1210.00000  1230.00000  1250.00000  1270.00000  1290.00000  1310.00000  1330.00000  1350.00000  1370.00000  1390.00000  1410.00000  1430.00000  1450.00000  1470.00000  1490.00000  1510.00000  1530.00000  1550.00000  1570.00000  1590.00000  1610.00000  1630.00000  1650.00000  1670.00000  1690.00000  1710.00000  1730.00000  1750.00000  1770.00000  1790.00000  1810.00000  1830.00000  1850.00000  1870.00000  1890.00000  1910.00000  1930.00000  1950.00000  1970.00000  1990.00000  2010.00000
  2030.00000  2010.00000  1990.00000  1970.00000  1950.00000  1930.00000  1910.00000  1890.00000  1870.00000  1850.00000  1830.00000  1810.00000  1790.00000  1770.00000  1750.00000  1730.00000  1710.00000  1690.00000  1670.00000  1650.00000  1630.00000  1610.00000  1590.00000  1570.00000  1550.00000  1530.00000  1510.00000  1490.00000  1470.00000  1450.00000  1430.00000  1410.00000  1390.00000  1370.00000  1350.00000  1330.00000  1310.00000  1290.00000  1270.00000  1250.00000  1230.00000  1250.00000  1270.00000  1290.00000  1310.00000  1330.00000  1350.00000  1370.00000  1390.00000  1410.00000  1430.00000  1450.00000  1470.00000  1490.00000  1510.00000  1530.00000  1550.00000  1570.00000  1590.00000  1610.00000  1630.00000  1650.00000  1670.00000  1690.00000  1710.00000  1730.00000  1750.00000  1770.00000  1790.00000  1810.00000  1830.00000  1850.00000  1870.00000  1890.00000  1910.00000  1930.00000  1950.00000  1970.00000  1990.00000  2010.00000  2030.00000
  2050.00000  2030.00000  2010.00000  1990.00000  1970.00000  1950.00000  1930.00000  1910.00000  1890.00000  1870.00000  1850.00000  1830.00000  1810.00000  1790.00000  1770.00000  1750.00000  1730.00000  1710.00000  1690.00000  1670.00000  1650.00000  1630.00000  1610.00000  1590.00000  1570.00000  1550.00000  1530.00000  1510.00000  1490.00000  1470.00000  1450.00000  1430.00000  1410.00000  1390.00000  1370.00000  1350.00000  1330.00000  1310.00000  1290.00000  1270.00000  1250.00000  1270.00000  1290.00000  1310.00000  1330.00000  1350.00000  1370.00000  1390.00000  1410.00000  1430.00000  1450.00000  1470.00000  1490.00000  1510.00000  1530.00000  1550.00000  1570.00000  1590.00000  1610.00000  1630.00000  1650.00000  1670.00000  1690.00000  1710.00000  1730.00000  1750.00000  1770.00000  1790.00000  1810.00000  1830.00000  1850.00000  1870.00000  1890.00000  1910.00000  1930.00000  1950.00000  1970.00000  1990.00000  2010.00000  2030.00000  2050.00000
  2070.00000  2050.00000  2030.00000  2010.00000  1990.00000  1970.00000  1950.00000  1930.00000  1910.00000  1890.00000  1870.00000  1850.00000  1830.00000  1810.00000  1790.00000  1770.00000  1750.00000  1730.00000  1710.00000  1690.00000  1670.00000  1650.00000  1630.00000  1610.00000  1590.00000  1570.00000  1550.00000  1530.00000  1510.00000  1490.00000  1470.00000  1450.00000  1430.00000  1410.00000  1390.00000  1370.00000  1350.00000  1330.00000  1310.00000  1290.00000  1270.00000  1290.00000  1310.00000  1330.00000  1350.00000  1370.00000  1390.00000  1410.00000  1430.00000  1450.00000  1470.00000  1490.00000  1510.00000  1530.00000  1550.00000  1570.00000  1590.00000  1610.00000  1630.00000  1650.00000  1670.00000  1690.00000  1710.00000  1730.00000  1750.00000  1770.00000  1790.00000  1810.00000  1830.00000  1850.00000  1870.00000  1890.00000  1910.00000  1930.00000  1950.00000  1970.00000  1990.00000  2010.00000  2030.00000  2050.00000  2070.00000
  2090.00000  2070.00000  2050.00000  2030.00000  2010.00000  1990.00000  1970.00000  1950.00000  1930.00000  1910.00000  1890.00000  1870.00000  1850.00000  1830.00000  1810.00000  1790.00000  1770.00000  1750.00000  1730.00000  1710.00000  1690.00000  1670.00000  1650.00000  1630.00000  1610.00000  1590.00000  1570.00000  1550.00000  1530.00000  1510.00000  1490.00000  1470.00000  1450.00000  1430.00000  1410.00000  1390.00000  1370.00000  1350.00000  1330.00000  1310.00000  1290.00000  1310.00000  1330.00000  1350.00000  1370.00000  1390.00000  1410.00000  1430.00000  1450.00000  1470.00000  1490.00000  1510.00000  1530.00000  1550.00000  1570.00000  1590.00000  1610.00000  1630.00000  1650.00000  1670.00000  1690.00000  1710.00000  1730.00000  1750.00000  1770.00000  1790.00000  1810.00000  1830.00000  1850.00000  1870.00000  1890.00000  1910.00000  1930.00000  1950.00000  1970.00000  1990.00000  2010.00000  2030.00000  2050.00000  2070.00000  2090.00000
  2110.00000  2090.00000  2070.00000  2050.00000  2030.00000  2010.00000  1990.00000  1970.00000  1950.00000  1930.00000  1910.00000  1890.00000  1870.00000  1850.00000  1830.00000  1810.00000  1790.00000  1770.00000  1750.00000  1730.00000  1710.00000  1690.00000  1670.00000  1650.00000  1630.00000  1610.00000  1590.00000  1570.00000  1550.00000  1530.00000  1510.00000  1490.00000  1470.00000  1450.00000  1430.00000  1410.00000  1390.00000  1370.00000  1350.00000  1330.00000  1310.00000  1330.00000  1350.00000  1370.00000  1390.00000  1410.00000  1430.00000  1450.00000  1470.00000  1490.00000  1510.00000  1530.00000  1550.00000  1570.00000  1590.00000  1610.00000  1630.00000  1650.00000  1670.00000  1690.00000  1710.00000  1730.00000  1750.00000  1770.00000  1790.00000  1810.00000  1830.00000  1850.00000  1870.00000  1890.00000  1910.00000  1930.00000  1950.00000  1970.00000  1990.00000  2010.00000  2030.00000  2050.00000  2070.00000  2090.00000  2110.00000
  2130.00000  2110.00000  2090.00000  2070.00000  2050.00000  2030.00000  2010.00000  1990.00000  1970.00000  1950.00000  1930.00000  1910.00000  1890.00000  1870.00000  1850.00000  1830.00000  1810.00000  1790.00000  1770.00000  1750.00000  1730.00000  1710.00000  1690.00000  1670.00000  1650.00000  1630.00000  1610.00000  1590.00000  1570.00000  1550.00000  1530.00000  1510.00000  1490.00000  1470.00000  1450.00000  1430.00000  1410.00000  1390.00000  1370.00000  1350.00000  1330.00000  1350.00000  1370.00000  1390.00000  1410.00000  1430.00000  1450.00000  1470.00000  1490.00000  1510.00000  1530.00000  1550.00000  1570.00000  1590.00000  1610.00000  1630.00000  1650.00000  1670.00000  1690.00000  1710.00000  1730.00000  1750.00000  1770.00000  1790.00000  1810.00000  1830.00000  1850.00000  1870.00000  1890.00000  1910.00000  1930.00000  1950.00000  1970.00000  1990.00000  2010.00000  2030.00000  2050.00000  2070.00000  2090.00000  2110.00000  2130.00000
  2150.00000  2130.00000  2110.00000  2090.00000  2070.00000  2050.00000  2030.00000  2010.00000  1990.00000  1970.00000  1950.00000  1930.00000  1910.00000  1890.00000  1870.00000  1850.00000  1830.00000  1810.00000  1790.00000  1770.00000  1750.00000  1730.00000  1710.00000  1690.00000  1670.00000  1650.00000  1630.00000  1610.00000  1590.00000  1570.00000  1550.00000  1530.00000  1510.00000  1490.00000  1470.00000  1450.00000  1430.00000  1410.00000  1390.00000  1370.00000  1350.00000  1370.00000  1390.00000  1410.00000  1430.00000  1450.00000  1470.00000  1490.00000  1510.00000  1530.00000  1550.00000  1570.00000  1590.00000  1610.00000  1630.00000  1650.00000  1670.00000  1690.00000  1710.00000  1730.00000  1750.00000  1770.00000  1790.00000  1810.00000  1830.00000  1850.00000  1870.00000  1890.00000  1910.00000  1930.00000  1950.00000  1970.00000  1990.00000  2010.00000  2030.00000  2050.00000  2070.00000  2090.00000  2110.00000  2130.00000  2150.00000
  2170.00000  2150.00000  2130.00000  2110.00000  2090.00000  2070.00000  2050.00000  2030.00000  2010.00000  1990.00000  1970.00000  1950.00000  1930.00000  1910.00000  1890.00000  1870.00000  1850.00000  1830.00000  1810.00000  1790.00000  1770.00000  1750.00000  1730.00000  1710.00000  1690.00000  1670.00000  1650.00000  1630.00000  1610.00000  1590.00000  1570.00000  1550.00000  1530.00000  1510.00000  1490.00000  1470.00000  1450.00000  1430.00000  1410.00000  1390.00000  1370.00000  1390.00000  1410.00000  1430.00000  1450.00000  1470.00000  1490.00000  1510.00000  1530.00000  1550.00000  1570.00000  1590.00000  1610.00000  1630.00000  1650.00000  1670.00000  1690.00000  1710.00000  1730.00000  1750.00000  1770.00000  1790.00000  1810.00000  1830.00000  1850.00000  1870.00000  1890.00000  1910.00000  1930.00000  1950.00000  1970.00000  1990.00000  2010.00000  2030.00000  2050.00000  2070.00000  2090.00000  2110.00000  2130.00000  2150.00000  2170.00000
  2190.00000  2170.00000  2150.00000  2130.00000  2110.00000  2090.00000  2070.00000  2050.00000  2030.00000  2010.00000  1990.00000  1970.00000  1950.00000  1930.00000  1910.00000  1890.00000  1870.00000  1850.00000  1830.00000  1810.00000  1790.00000  1770.00000  1750.00000  1730.00000  1710.00000  1690.00000  1670.00000  1650.00000  1630.00000  1610.00000  1590.00000  1570.00000  1550.00000  1530.00000  1510.00000  1490.00000  1470.00000  1450.00000  1430.00000  1410.00000  1390.00000  1410.00000  1430.00000  1450.00000  1470.00000  1490.00000  1510.00000  1530.00000  1550.00000  1570.00000  1590.00000  1610.00000  1630.00000  1650.00000  1670.00000  1690.00000  1710.00000  1730.00000  1750.00000  1770.00000  1790.00000  1810.00000  1830.00000  1850.00000  1870.00000  1890.00000  1910.00000  1930.00000  1950.00000  1970.00000  1990.00000  2010.00000  2030.00000  2050.00000  2070.00000  2090.00000  2110.00000  2130.00000  2150.00000  2170.00000  2190.00000
  2210.00000  2190.00000  2170.00000  2150.00000  2130.00000  2110.00000  2090.00000  2070.00000  2050.00000  2030.00000  2010.00000  1990.00000  1970.00000  1950.00000  1930.00000  1910.00000  1890.00000  1870.00000  1850.00000  1830.00000  1810.00000  1790.00000  1770.00000  1750.00000  1730.00000  1710.00000  1690.00000  1670.00000  1650.00000  1630.00000  1610.00000  1590.00000  1570.00000  1550.00000  1530.00000  1510.00000  1490.00000  1470.00000  1450.00000  1430.00000  1410.00000  1430.00000  1450.00000  1470.00000  1490.00000  1510.00000  1530.00000  1550.00000  1570.00000  1590.00000  1610.00000  1630.00000  1650.00000  1670.00000  1690.00000  1710.00000  1730.00000  1750.00000  1770.00000  1790.00000  1810.00000  1830.00000  1850.00000  1870.00000  1890.00000  1910.00000  1930.00000  1950.00000  1970.00000  1990.00000  2010.00000  2030.00000  2050.00000  2070.00000  2090.00000  2110.00000  2130.00000  2150.00000  2170.00000  2190.00000  2210.00000
  2230.00000  2210.00000  2190.00000  2170.00000  2150.00000  2130.00000  2110.00000  2090.00000  2070.00000  2050.00000  2030.00000  2010.00000  1990.00000  1970.00000  1950.00000  1930.00000  1910.00000  1890.00000  1870.00000  1850.00000  1830.00000  1810.00000  1790.00000  1770.00000  1750.00000  1730.00000  1710.00000  1690.00000  1670.00000  1650.00000  1630.00000  1610.00000  1590.00000  1570.00000  1550.00000  1530.00000  1510.00000  1490.00000  1470.00000  1450.00000  1430.00000  1450.00000  1470.00000  1490.00000  1510.00000  1530.00000  1550.00000  1570.00000  1590.00000  1610.00000  1630.00000  1650.00000  1670.00000  1690.00000  1710.00000  1730.00000  1750.00000  1770.00000  1790.00000  1810.00000  1830.00000  1850.00000  1870.00000  1890.00000  1910.00000  1930.00000  1950.00000  1970.00000  1990.00000  2010.00000  2030.00000  2050.00000  2070.00000  2090.00000  2110.00000  2130.00000  2150.00000  2170.00000  2190.00000  2210.00000  2230.00000
  2250.00000  2230.00000  2210.00000  2190.00000  2170.00000  2150.00000  2130.00000  2110.00000  2090.00000  2070.00000  2050.00000  2030.00000  2010.00000  1990.00000  1970.00000  1950.00000  1930.00000  1910.00000  1890.00000  1870.00000  1850.00000  1830.00000  1810.00000  1790.00000  1770.00000  1750.00000  1730.00000  1710.00000  1690.00000  1670.00000  1650.00000  1630.00000  1610.00000  1590.00000  1570.00000  1550.00000  1530.00000  1510.00000  1490.00000  1470.00000  1450.00000  1470.00000  1490.00000  1510.00000  1530.00000  1550.00000  1570.00000  1590.00000  1610.00000  1630.00000  1650.00000  1670.00000  1690.00000  1710.00000  1730.00000  1750.00000  1770.00000  1790.00000  1810.00000  1830.00000  1850.00000  1870.00000  1890.00000  1910.00000  1930.00000  1950.00000  1970.00000  1990.00000  2010.00000  2030.00000  2050.00000  2070.00000  2090.00000  2110.00000  2130.00000  2150.00000  2170.00000  2190.00000  2210.00000  2230.00000  2250.00000
  2270.00000  2250.00000  2230.00000  2210.00000  2190.00000  2170.00000  2150.00000  2130.00000  2110.00000  2090.00000  2070.00000  2050.00000  2030.00000  2010.00000  1990.00000  1970.00000  1950.00000  1930.00000  1910.00000  1890.00000  1870.00000  1850.00000  1830.00000  1810.00000  1790.00000  1770.00000  1750.00000  1730.00000  1710.00000  1690.00000  1670.00000  1650.00000  1630.00000  1610.00000  1590.00000  1570.00000  1550.00000  1530.00000  1510.00000  1490.00000  1470.00000  1490.00000  1510.00000  1530.00000  1550.00000  1570.00000  1590.00000  1610.00000  1630.00000  1650.00000  1670.00000  1690.00000  1710.00000  1730.00000  1750.00000  1770.00000  1790.00000  1810.00000  1830.00000  1850.00000  1870.00000  1890.00000  1910.00000  1930.00000  1950.00000  1970.00000  1990.00000  2010.00000  2030.00000  2050.00000  2070.00000  2090.00000  2110.00000  2130.00000  2150.00000  2170.00000  2190.00000  2210.00000  2230.00000  2250.00000  2270.00000
  2290.00000  2270.00000  2250.00000  2230.00000  2210.00000  2190.00000  2170.00000  2150.00000  2130.00000  2110.00000  2090.00000  2070.00000  2050.00000  2030.00000  2010.00000  1990.00000  1970.00000  1950.00000  1930.00000  1910.00000  1890.00000  1870.00000  1850.00000  1830.00000  1810.00000  1790.00000  1770.00000  1750.00000  1730.00000  1710.00000  1690.00000  1670.00000  1650.00000  1630.00000  1610.00000  1590.00000  1570.00000  1550.00000  1530.00000  1510.00000  1490.00000  1510.00000  1530.00000  1550.00000  1570.00000  1590.00000  1610.00000  1630.00000  1650.00000  1670.00000  1690.00000  1710.00000  1730.00000  1750.00000  1770.00000  1790.00000  1810.00000  1830.00000  1850.00000  1870.00000  1890.00000  1910.00000  1930.00000  1950.00000  1970.00000  1990.00000  2010.00000  2030.00000  2050.00000  2070.00000  2090.00000  2110.00000  2130.00000  2150.00000  2170.00000  2190.00000  2210.00000  2230.00000  2250.00000  2270.00000  2290.00000
  2310.00000  2290.00000  2270.00000  2250.00000  2230.00000  2210.00000  2190.00000  2170.00000  2150.00000  2130.00000  2110.00000  2090.00000  2070.00000  2050.00000  2030.00000  2010.00000  1990.00000  1970.00000  1950.00000  1930.00000  1910.00000  1890.00000  1870.00000  1850.00000  1830.00000  1810.00000  1790.00000  1770.00000  1750.00000  1730.00000  1710.00000  1690.00000  1670.00000  1650.00000  1630.00000  1610.00000  1590.00000  1570.00000  1550.00000  1530.00000  1510.00000  1530.00000  1550.00000  1570.00000  1590.00000  1610.00000  1630.00000  1650.00000  1670.00000  1690.00000  1710.00000  1730.00000  1750.00000  1770.00000  1790.00000  1810.00000  1830.00000  1850.00000  1870.00000  1890.00000  1910.00000  1930.00000  1950.00000  1970.00000  1990.00000  2010.00000  2030.00000  2050.00000  2070.00000  2090.00000  2110.00000  2130.00000  2150.00000  2170.00000  2190.00000  2210.00000  2230.00000  2250.00000  2270.00000  2290.00000  2310.00000
  2330.00000  2310.00000  2290.00000  2270.00000  2250.00000  2230.00000  2210.00000  2190.00000  2170.00000  2150.00000  2130.00000  2110.00000  2090.00000  2070.00000  2050.00000  2030.00000  2010.00000  1990.00000  1970.00000  1950.00000  1930.00000  1910.00000  1890.00000  1870.00000  1850.00000  1830.00000  1810.00000  1790.00000  1770.00000  1750.00000  1730.00000  1710.00000  1690.00000  1670.00000  1650.00000  1630.00000  1610.00000  1590.00000  1570.00000  1550.00000  1530.00000  1550.00000  1570.00000  1590.00000  1610.00000  1630.00000  1650.00000  1670.00000  1690.00000  1710.00000  1730.00000  1750.00000  1770.00000  1790.00000  1810.00000  1830.00000  1850.00000  1870.00000  1890.00000  1910.00000  1930.00000  1950.00000  1970.00000  1990.00000  2010.00000  2030.00000  2050.00000  2070.00000  2090.00000  2110.00000  2130.00000  2150.00000  2170.00000  2190.00000  2210.00000  2230.00000  2250.00000  2270.00000  2290.00000  2310.00000  2330.00000
  2350.00000  2330.00000  2310.00000  2290.00000  2270.00000  2250.00000  2230.00000  2210.00000  2190.00000  2170.00000  2150.00000  2130.00000  2110.00000  2090.00000  2070.00000  2050.00000  2030.00000  2010.00000  1990.00000  1970.00000  1950.00000  1930.00000  1910.00000  1890.00000  1870.00000  1850.00000  1830.00000  1810.00000  1790.00000  1770.00000  1750.00000  1730.00000  1710.00000  1690.00000  1670.00000  1650.00000  1630.00000  1610.00000  1590.00000  1570.00000  1550.00000  1570.00000  1590.00000  1610.00000  1630.00000  1650.00000  1670.00000  1690.00000  1710.00000  1730.00000  1750.00000  1770.00000  1790.00000  1810.00000  1830.00000  1850.00000  1870.00000  1890.00000  1910.00000  1930.00000  1950.00000  1970.00000  1990.00000  2010.00000  2030.00000  2050.00000  2070.00000  2090.00000  2110.00000  2130.00000  2150.00000  2170.00000  2190.00000  2210.00000  2230.00000  2250.00000  2270.00000  2290.00000  2310.00000  2330.00000  2350.00000
  2370.00000  2350.00000  2330.00000  2310.00000  2290.00000  2270.00000  2250.00000  2230.00000  2210.00000  2190.00000  2170.00000  2150.00000  2130.00000  2110.00000  2090.00000  2070.00000  2050.00000  2030.00000  2010.00000  1990.00000  1970.00000  1950.00000  1930.00000  1910.00000  1890.00000  1870.00000  1850.00000  1830.00000  1810.00000  1790.00000  1770.00000  1750.00000  1730.00000  1710.00000  1690.00000  1670.00000  1650.00000  1630.00000  1610.00000  1590.00000  1570.00000  1590.00000  1610.00000  1630.00000  1650.00000  1670.00000  1690.00000  1710.00000  1730.00000  1750.00000  1770.00000  1790.00000  1810.00000  1830.00000  1850.00000  1870.00000  1890.00000  1910.00000  1930.00000  1950.00000  1970.00000  1990.00000  2010.00000  2030.00000  2050.00000  2070.00000  2090.00000  2110.00000  2130.00000  2150.00000  2170.00000  2190.00000  2210.00000  2230.00000  2250.00000  2270.00000  2290.00000  2310.00000  2330.00000  2350.00000  2370.00000
  2390.00000  2370.00000  2350.00000  2330.00000  2310.00000  2290.00000  2270.00000  2250.00000  2230.00000  2210.00000  2190.00000  2170.00000  2150.00000  2130.00000  2110.00000  2090.00000  2070.00000  2050.00000  2030.00000  2010.00000  1990.00000  1970.00000  1950.00000  1930.00000  1910.00000  1890.00000  1870.00000  1850.00000  1830.00000  1810.00000  1790.00000  1770.00000  1750.00000  1730.00000  1710.00000  1690.00000  1670.00000  1650.00000  1630.00000  1610.00000  1590.00000  1610.00000  1630.00000  1650.00000  1670.00000  1690.00000  1710.00000  1730.00000  1750.00000  1770.00000  1790.00000  1810.00000  1830.00000  1850.00000  1870.00000  1890.00000  1910.00000  1930.00000  1950.00000  1970.00000  1990.00000  2010.00000  2030.00000  2050.00000  2070.00000  2090.00000  2110.00000  2130.00000  2150.00000  2170.00000  2190.00000  2210.00000  2230.00000  2250.00000  2270.00000  2290.00000  2310.00000  2330.00000  2350.00000  2370.00000  2390.00000
  2410.00000  2390.00000  2370.00000  2350.00000  2330.00000  2310.00000  2290.00000  2270.00000  2250.00000  2230.00000  2210.00000  2190.00000  2170.00000  2150.00000  2130.00000  2110.00000  2090.00000  2070.00000  2050.00000  2030.00000  2010.00000  1990.00000  1970.00000  1950.00000  1930.00000  1910.00000  1890.00000  1870.00000  1850.00000  1830.00000  1810.00000  1790.00000  1770.00000  1750.00000  1730.00000  1710.00000  1690.00000  1670.00000  1650.00000  1630.00000  1610.00000  1630.00000  1650.00000  1670.00000  1690.00000  1710.00000  1730.00000  1750.00000  1770.00000  1790.00000  1810.00000  1830.00000  1850.00000  1870.00000  1890.00000  1910.00000  1930.00000  1950.00000  1970.00000  1990.00000  2010.00000  2030.00000  2050.00000  2070.00000  2090.00000  2110.00000  2130.00000  2150.00000  2170.00000  2190.00000  2210.00000  2230.00000  2250.00000  2270.00000  2290.00000  2310.00000  2330.00000  2350.00000  2370.00000  2390.00000  2410.00000
  2430.00000  2410.00000  2390.00000  2370.00000  2350.00000  2330.00000  2310.00000  2290.00000  2270.00000  2250.00000  2230.00000  2210.00000  2190.00000  2170.00000  2150.00000  2130.00000  2110.00000  2090.00000  2070.00000  2050.00000  2030.00000  2010.00000  1990.00000  1970.00000  1950.00000  1930.00000  1910.00000  1890.00000  1870.00000  1850.00000  1830.00000  1810.00000  1790.00000  1770.00000  1750.00000  1730.00000  1710.00000  1690.00000  1670.00000  1650.00000  1630.00000  1650.00000  1670.00000  1690.00000  1710.00000  1730.00000  1750.00000  1770.00000  1790.00000  1810.00000  1830.00000  1850.00000  1870.00000  1890.00000  1910.00000  1930.00000  1950.00000  1970.00000  1990.00000  2010.00000  2030.00000  2050.00000  2070.00000  2090.00000  2110.00000  2130.00000  2150.00000  2170.00000  2190.00000  2210.00000  2230.00000  2250.00000  2270.00000  2290.00000  2310.00000  2330.00000  2350.00000  2370.00000  2390.00000  2410.00000  2430.00000
  2450.00000  2430.00000  2410.00000  2390.00000  2370.00000  2350.00000  2330.00000  2310.00000  2290.00000  2270.00000  2250.00000  2230.00000  2210.00000  2190.00000  2170.00000  2150.00000  2130.00000  2110.00000  2090.00000  2070.00000  2050.00000  2030.00000  2010.00000  1990.00000  1970.00000  1950.00000  1930.00000  1910.00000  1890.00000  1870.00000  1850.00000  1830.00000  1810.00000  1790.00000  1770.00000  1750.00000  1730.00000  1710.00000  1690.00000  1670.00000  1650.00000  1670.00000  1690.00000  1710.00000  1730.00000  1750.00000  1770.00000  1790.00000  1810.00000  1830.00000  1850.00000  1870.00000  1890.00000  1910.00000  1930.00000  1950.00000  1970.00000  1990.00000  2010.00000  2030.00000  2050.00000  2070.00000  2090.00000  2110.00000  2130.00000  2150.00000  2170.00000  2190.00000  2210.00000  2230.00000  2250.00000  2270.00000  2290.00000  2310.00000  2330.00000  2350.00000  2370.00000  2390.00000  2410.00000  2430.00000  2450.00000
  2470.00000  2450.00000  2430.00000  2410.00000  2390.00000  2370.00000  2350.00000  2330.00000  2310.00000  2290.00000  2270.00000  2250.00000  2230.00000  2210.00000  2190.00000  2170.00000  2150.00000  2130.00000  2110.00000  2090.00000  2070.00000  2050.00000  2030.00000  2010.00000  1990.00000  1970.00000  1950.00000  1930.00000  1910.00000  1890.00000  1870.00000  1850.00000  1830.00000  1810.00000  1790.00000  1770.00000  1750.00000  1730.00000  1710.00000  1690.00000  1670.00000  1690.00000  1710.00000  1730.00000  1750.00000  1770.00000  1790.00000  1810.00000  1830.00000  1850.00000  1870.00000  1890.00000  1910.00000  1930.00000  1950.00000  1970.00000  1990.00000  2010.00000  2030.00000  2050.00000  2070.00000  2090.00000  2110.00000  2130.00000  2150.00000  2170.00000  2190.00000  2210.00000  2230.00000  2250.00000  2270.00000  2290.00000  2310.00000  2330.00000  2350.00000  2370.00000  2390.00000  2410.00000  2430.00000  2450.00000  2470.00000
  2490.00000  2470.00000  2450.00000  2430.00000  2410.00000  2390.00000  2370.00000  2350.00000  2330.00000  2310.00000  2290.00000  2270.00000  2250.00000  2230.00000  2210.00000  2190.00000  2170.00000  2150.00000  2130.00000  2110.00000  2090.00000  2070.00000  2050.00000  2030.00000  2010.00000  1990.00000  1970.00000  1950.00000  1930.00000  1910.00000  1890.00000  1870.00000  1850.00000  1830.00000  1810.00000  1790.00000  1770.00000  1750.00000  1730.00000  1710.00000  1690.00000  1710.00000  1730.00000  1750.00000  1770.00000  1790.00000  1810.00000  1830.00000  1850.00000  1870.00000  1890.00000  1910.00000  1930.00000  1950.00000  1970.00000  1990.00000  2010.00000  2030.00000  2050.00000  2070.00000  2090.00000  2110.00000  2130.00000  2150.00000  2170.00000  2190.00000  2210.00000  2230.00000  2250.00000  2270.00000  2290.00000  2310.00000  2330.00000  2350.00000  2370.00000  2390.00000  2410.00000  2430.00000  2450.00000  2470.00000  2490.00000
  2510.00000  2490.00000  2470.00000  2450.00000  2430.00000  2410.00000  2390.00000  2370.00000  2350.00000  2330.00000  2310.00000  2290.00000  2270.00000  2250.00000  2230.00000  2210.00000  2190.00000  2170.00000  2150.00000  2130.00000  2110.00000  2090.00000  2070.00000  2050.00000  2030.00000  2010.00000  1990.00000  1970.00000  1950.00000  1930.00000  1910.00000  1890.00000  1870.00000  1850.00000  1830.00000  1810.00000  1790.00000  1770.00000  1750.00000  1730.00000  1710.00000  1730.00000  1750.00000  1770.00000  1790.00000  1810.00000  1830.00000  1850.00000  1870.00000  1890.00000  1910.00000  1930.00000  1950.00000  1970.00000  1990.00000  2010.00000  2030.00000  2050.00000  2070.00000  2090.00000  2110.00000  2130.00000  2150.00000  2170.00000  2190.00000  2210.00000  2230.00000  2250.00000  2270.00000  2290.00000  2310.00000  2330.00000  2350.00000  2370.00000  2390.00000  2410.00000  2430.00000  2450.00000  2470.00000  2490.00000  2510.00000
  2530.00000  2510.00000  2490.00000  2470.00000  2450.00000  2430.00000  2410.00000  2390.00000  2370.00000  2350.00000  2330.00000  2310.00000  2290.00000  2270.00000  2250.00000  2230.00000  2210.00000  2190.00000  2170.00000  2150.00000  2130.00000  2110.00000  2090.00000  2070.00000  2050.00000  2030.00000  2010.00000  1990.00000  1970.00000  1950.00000  1930.00000  1910.00000  1890.00000  1870.00000  1850.00000  1830.00000  1810.00000  1790.00000  1770.00000  1750.00000  1730.00000  1750.00000  1770.00000  1790.00000  1810.00000  1830.00000  1850.00000  1870.00000  1890.00000  1910.00000  1930.00000  1950.00000  1970.00000  1990.00000  2010.00000  2030.00000  2050.00000  2070.00000  2090.00000  2110.00000  2130.00000  2150.00000  2170.00000  2190.00000  2210.00000  2230.00000  2250.00000  2270.00000  2290.00000  2310.00000  2330.00000  2350.00000  2370.00000  2390.00000  2410.00000  2430.00000  2450.00000  2470.00000  2490.00000  2510.00000  2530.00000
  2550.00000  2530.00000  2510.00000  2490.00000  2470.00000  2450.00000  2430.00000  2410.00000  2390.00000  2370.00000  2350.00000  2330.00000  2310.00000  2290.00000  2270.00000  2250.00000  2230.00000  2210.00000  2190.00000  2170.00000  2150.00000  2130.00000  2110.00000  2090.00000  2070.00000  2050.00000  2030.00000  2010.00000  1990.00000  1970.00000  1950.00000  1930.00000  1910.00000  1890.00000  1870.00000  1850.00000  1830.00000  1810.00000  1790.00000  1770.00000  1750.00000  1770.00000  1790.00000  1810.00000  1830.00000  1850.00000  1870.00000  1890.00000  1910.00000  1930.00000  1950.00000  1970.00000  1990.00000  2010.00000  2030.00000  2050.00000  2070.00000  2090.00000  2110.00000  2130.00000  2150.00000  2170.00000  2190.00000  2210.00000  2230.00000  2250.00000  2270.00000  2290.00000  2310.00000  2330.00000  2350.00000  2370.00000  2390.00000  2410.00000  2430.00000  2450.00000  2470.00000  2490.00000  2510.00000  2530.00000  2550.00000
  2570.00000  2550.00000  2530.00000  2510.00000  2490.00000  2470.00000  2450.00000  2430.00000  2410.00000  2390.00000  2370.00000  2350.00000  2330.00000  2310.00000  2290.00000  2270.00000  2250.00000  2230.00000  2210.00000  2190.00000  2170.00000  2150.00000  2130.00000  2110.00000  2090.00000  2070.00000  2050.00000  2030.00000  2010.00000  1990.00000  1970.00000  1950.00000  1930.00000  1910.00000  1890.00000  1870.00000  1850.00000  1830.00000  1810.00000  1790.00000  1770.00000  1790.00000  1810.00000  1830.00000  1850.00000  1870.00000  1890.00000  1910.00000  1930.00000  1950.00000  1970.00000  1990.00000  2010.00000  2030.00000  2050.00000  2070.00000  2090.00000  2110.00000  2130.00000  2150.00000  2170.00000  2190.00000  2210.00000  2230.00000  2250.00000  2270.00000  2290.00000  2310.00000  2330.00000  2350.00000  2370.00000  2390.00000  2410.00000  2430.00000  2450.00000  2470.00000  2490.00000  2510.00000  2530.00000  2550.00000  2570.00000
  2590.00000  2570.00000  2550.00000  2530.00000  2510.00000  2490.00000  2470.00000  2450.00000  2430.00000  2410.00000  2390.00000  2370.00000  2350.00000  2330.00000  2310.00000  2290.00000  2270.00000  2250.00000  2230.00000  2210.00000  2190.00000  2170.00000  2150.00000  2130.00000  2110.00000  2090.00000  2070.00000  2050.00000  2030.00000  2010.00000  1990.00000  1970.00000  1950.00000  1930.00000  1910.00000  1890.00000  1870.00000  1850.00000  1830.00000  1810.00000  1790.00000  1810.00000  1830.00000  1850.00000  1870.00000  1890.00000  1910.00000  1930.00000  1950.00000  1970.00000  1990.00000  2010.00000  2030.00000  2050.00000  2070.00000  2090.00000  2110.00000  2130.00000  2150.00000  2170.00000  2190.00000  2210.00000  2230.00000  2250.00000  2270.00000  2290.00000  2310.00000  2330.00000  2350.00000  2370.00000  2390.00000  2410.00000  2430.00000  2450.00000  2470.00000  2490.00000  2510.00000  2530.00000  2550.00000  2570.00000  2590.00000
  2610.00000  2590.00000  2570.00000  2550.00000  2530.00000  2510.00000  2490.00000  2470.00000  2450.00000  2430.00000  2410.00000  2390.00000  2370.00000  2350.00000  2330.00000  2310.00000  2290.00000  2270.00000  2250.00000  2230.00000  2210.00000  2190.00000  2170.00000  2150.00000  2130.00000  2110.00000  2090.00000  2070.00000  2050.00000  2030.00000  2010.00000  1990.00000  1970.00000  1950.00000  1930.00000  1910.00000  1890.00000  1870.00000  1850.00000  1830.00000  1810.00000  1830.00000  1850.00000  1870.00000  1890.00000  1910.00000  1930.00000  1950.00000  1970.00000  1990.00000  2010.00000  2030.00000  2050.00000  2070.00000  2090.00000  2110.00000  2130.00000  2150.00000  2170.00000  2190.00000  2210.00000  2230.00000  2250.00000  2270.00000  2290.00000  2310.00000  2330.00000  2350.00000  2370.00000  2390.00000  2410.00000  2430.00000  2450.00000  2470.00000  2490.00000  2510.00000  2530.00000  2550.00000  2570.00000  2590.00000  2610.00000
  2630.00000  2610.00000  2590.00000  2570.00000  2550.00000  2530.00000  2510.00000  2490.00000  2470.00000  2450.00000  2430.00000  2410.00000  2390.00000  2370.00000  2350.00000  2330.00000  2310.00000  2290.00000  2270.00000  2250.00000  2230.00000  2210.00000  2190.00000  2170.00000  2150.00000  2130.00000  2110.00000  2090.00000  2070.00000  2050.00000  2030.00000  2010.00000  1990.00000  1970.00000  1950.00000  1930.00000  1910.00000  1890.00000  1870.00000  1850.00000  1830.00000  1850.00000  1870.00000  1890.00000  1910.00000  1930.00000  1950.00000  1970.00000  1990.00000  2010.00000  2030.00000  2050.00000  2070.00000  2090.00000  2110.00000  2130.00000  2150.00000  2170.00000  2190.00000  2210.00000  2230.00000  2250.00000  2270.00000  2290.00000  2310.00000  2330.00000  2350.00000  2370.00000  2390.00000  2410.00000  2430.00000  2450.00000  2470.00000  2490.00000  2510.00000  2530.00000  2550.00000  2570.00000  2590.00000  2610.00000  2630.00000
  2650.00000  2630.00000  2610.00000  2590.00000  2570.00000  2550.00000  2530.00000  2510.00000  2490.00000  2470.00000  2450.00000  2430.00000  2410.00000  2390.00000  2370.00000  2350.00000  2330.00000  2310.00000  2290.00000  2270.00000  2250.00000  2230.00000  2210.00000  2190.00000  2170.00000  2150.00000  2130.00000  2110.00000  2090.00000  2070.00000  2050.00000  2030.00000  2010.00000  1990.00000  1970.00000  1950.00000  1930.00000  1910.00000  1890.00000  1870.00000  1850.00000  1870.00000  1890.00000  1910.00000  1930.00000  1950.00000  1970.00000  1990.00000  2010.00000  2030.00000  2050.00000  2070.00000  2090.00000  2110.00000  2130.00000  2150.00000  2170.00000  2190.00000  2210.00000  2230.00000  2250.00000  2270.00000  2290.00000  2310.00000  2330.00000  2350.00000  2370.00000  2390.00000  2410.00000  2430.00000  2450.00000  2470.00000  2490.00000  2510.00000  2530.00000  2550.00000  2570.00000  2590.00000  2610.00000  2630.00000  2650.00000
  2670.00000  2650.00000  2630.00000  2610.00000  2590.00000  2570.00000  2550.00000  2530.00000  2510.00000  2490.00000  2470.00000  2450.00000  2430.00000  2410.00000  2390.00000  2370.00000  2350.00000  2330.00000  2310.00000  2290.00000  2270.00000  2250.00000  2230.00000  2210.00000  2190.00000  2170.00000  2150.00000  2130.00000  2110.00000  2090.00000  2070.00000  2050.00000  2030.00000  2010.00000  1990.00000  1970.00000  1950.00000  1930.00000  1910.00000  1890.00000  1870.00000  1890.00000  1910.00000  1930.00000  1950.00000  1970.00000  1990.00000  2010.00000  2030.00000  2050.00000  2070.00000  2090.00000  2110.00000  2130.00000  2150.00000  2170.00000  2190.00000  2210.00000  2230.00000  2250.00000  2270.00000  2290.00000  2310.00000  2330.00000  2350.00000  2370.00000  2390.00000  2410.00000  2430.00000  2450.00000  2470.00000  2490.00000  2510.00000  2530.00000  2550.00000  2570.00000  2590.00000  2610.00000  2630.00000  2650.00000  2670.00000
  2690.00000  2670.00000  2650.00000  2630.00000  2610.00000  2590.00000  2570.00000  2550.00000  2530.00000  2510.00000  2490.00000  2470.00000  2450.00000  2430.00000  2410.00000  2390.00000  2370.00000  2350.00000  2330.00000  2310.00000  2290.00000  2270.00000  2250.00000  2230.00000  2210.00000  2190.00000  2170.00000  2150.00000  2130.00000  2110.00000  2090.00000  2070.00000  2050.00000  2030.00000  2010.00000  1990.00000  1970.00000  1950.00000  1930.00000  1910.00000  1890.00000  1910.00000  1930.00000  1950.00000  1970.00000  1990.00000  2010.00000  2030.00000  2050.00000  2070.00000  2090.00000  2110.00000  2130.00000  2150.00000  2170.00000  2190.00000  2210.00000  2230.00000  2250.00000  2270.00000  2290.00000  2310.00000  2330.00000  2350.00000  2370.00000  2390.00000  2410.00000  2430.00000  2450.00000  2470.00000  2490.00000  2510.00000  2530.00000  2550.00000  2570.00000  2590.00000  2610.00000  2630.00000  2650.00000  2670.00000  2690.00000
  2710.00000  2690.00000  2670.00000  2650.00000  2630.00000  2610.00000  2590.00000  2570.00000  2550.00000  2530.00000  2510.00000  2490.00000  2470.00000  2450.00000  2430.00000  2410.00000  2390.00000  2370.00000  2350.00000  2330.00000  2310.00000  2290.00000  2270.00000  2250.00000  2230.00000  2210.00000  2190.00000  2170.00000  2150.00000  2130.00000  2110.00000  2090.00000  2070.00000  2050.00000  2030.00000  2010.00000  1990.00000  1970.00000  1950.00000  1930.00000  1910.00000  1930.00000  1950.00000  1970.00000  1990.00000  2010.00000  2030.00000  2050.00000  2070.00000  2090.00000  2110.00000  2130.00000  2150.00000  2170.00000  2190.00000  2210.00000  2230.00000  2250.00000  2270.00000  2290.00000  2310.00000  2330.00000  2350.00000  2370.00000  2390.00000  2410.00000  2430.00000  2450.00000  2470.00000  2490.00000  2510.00000  2530.00000  2550.00000  2570.00000  2590.00000  2610.00000  2630.00000  2650.00000  2670.00000  2690.00000  2710.00000
  2730.00000  2710.00000  2690.00000  2670.00000  2650.00000  2630.00000  2610.00000  2590.00000  2570.00000  2550.00000  2530.00000  2510.00000  2490.00000  2470.00000  2450.00000  2430.00000  2410.00000  2390.00000  2370.00000  2350.00000  2330.00000  2310.00000  2290.00000  2270.00000  2250.00000  2230.00000  2210.00000  2190.00000  2170.00000  2150.00000  2130.00000  2110.00000  2090.00000  2070.00000  2050.00000  2030.00000  2010.00000  1990.00000  1970.00000  1950.00000  1930.00000  1950.00000  1970.00000  1990.00000  2010.00000  2030.00000  2050.00000  2070.00000  2090.00000  2110.00000  2130.00000  2150.00000  2170.00000  2190.00000  2210.00000  2230.00000  2250.00000  2270.00000  2290.00000  2310.00000  2330.00000  2350.00000  2370.00000  2390.00000  2410.00000  2430.00000  2450.00000  2470.00000  2490.00000  2510.00000  2530.00000  2550.00000  2570.00000  2590.00000  2610.00000  2630.00000  2650.00000  2670.00000  2690.00000  2710.00000  2730.00000
  2750.00000  2730.00000  2710.00000  2690.00000  2670.00000  2650.00000  2630.00000  2610.00000  2590.00000  2570.00000  2550.00000  2530.00000  2510.00000  2490.00000  2470.00000  2450.00000  2430.00000  2410.00000  2390.00000  2370.00000  2350.00000  2330.00000  2310.00000  2290.00000  2270.00000  2250.00000  2230.00000  2210.00000  2190.00000  2170.00000  2150.00000  2130.00000  2110.00000  2090.00000  2070.00000  2050.00000  2030.00000  2010.00000  1990.00000  1970.00000  1950.00000  1970.00000  1990.00000  2010.00000  2030.00000  2050.00000  2070.00000  2090.00000  2110.00000  2130.00000  2150.00000  2170.00000  2190.00000  2210.00000  2230.00000  2250.00000  2270.00000  2290.00000  2310.00000  2330.00000  2350.00000  2370.00000  2390.00000  2410.00000  2430.00000  2450.00000  2470.00000  2490.00000  2510.00000  2530.00000  2550.00000  2570.00000  2590.00000  2610.00000  2630.00000  2650.00000  2670.00000  2690.00000  2710.00000  2730.00000  2750.00000
  2770.00000  2750.00000  2730.00000  2710.00000  2690.00000  2670.00000  2650.00000  2630.00000  2610.00000  2590.00000  2570.00000  2550.00000  2530.00000  2510.00000  2490.00000  2470.00000  2450.00000  2430.00000  2410.00000  2390.00000  2370.00000  2350.00000  2330.00000  2310.00000  2290.00000  2270.00000  2250.00000  2230.00000  2210.00000  2190.00000  2170.00000  2150.00000  2130.00000  2110.00000  2090.00000  2070.00000  2050.00000  2030.00000  2010.00000  1990.00000  1970.00000  1990.00000  2010.00000  2030.00000  2050.00000  2070.00000  2090.00000  2110.00000  2130.00000  2150.00000  2170.00000  2190.00000  2210.00000  2230.00000  2250.00000  2270.00000  2290.00000  2310.00000  2330.00000  2350.00000  2370.00000  2390.00000  2410.00000  2430.00000  2450.00000  2470.00000  2490.00000  2510.00000  2530.00000  2550.00000  2570.00000  2590.00000  2610.00000  2630.00000  2650.00000  2670.00000  2690.00000  2710.00000  2730.00000  2750.00000  2770.00000
  2790.00000  2770.00000  2750.00000  2730.00000  2710.00000  2690.00000  2670.00000  2650.00000  2630.00000  2610.00000  2590.00000  2570.00000  2550.00000  2530.00000  2510.00000  2490.00000  2470.00000  2450.00000  2430.00000  2410.00000  2390.00000  2370.00000  2350.00000  2330.00000  2310.00000  2290.00000  2270.00000  2250.00000  2230.00000  2210.00000  2190.00000  2170.00000  2150.00000  2130.00000  2110.00000  2090.00000  2070.00000  2050.00000  2030.00000  2010.00000  1990.00000  2010.00000  2030.00000  2050.00000  2070.00000  2090.00000  2110.00000  2130.00000  2150.00000  2170.00000  2190.00000  2210.00000  2230.00000  2250.00000  2270.00000  2290.00000  2310.00000  2330.00000  2350.00000  2370.00000  2390.00000  2410.00000  2430.00000  2450.00000  2470.00000  2490.00000  2510.00000  2530.00000  2550.00000  2570.00000  2590.00000  2610.00000  2630.00000  2650.00000  2670.00000  2690.00000  2710.00000  2730.00000  2750.00000  2770.00000  2790.00000
