       0   0.000   0.000   0.000
       3   0.052   0.000   0.000
       6   0.163   0.000   0.000
       9   0.327   0.000   0.000
      12   0.537   0.017   0.017
      15   0.787   0.036   0.036
      18   1.069   0.070   0.070
      21   1.378   0.193   0.193
      24   1.706   0.341   0.341
      27   2.048   0.602   0.602
      30   2.400   0.962   0.962
      33   2.400   1.421   1.421
      36   2.400   1.959   1.959
      39   2.400   2.616   2.430
      42   2.400   3.164   2.430
      45   2.400   3.866   2.430
      48   2.400   4.468   2.430
      51   2.400   4.860   2.430
      54   2.400   4.860   2.430
      57   2.400   4.860   2.430
      60   2.400   4.860   2.430
      63   2.400   4.860   2.430
      66   2.400   4.860   2.430
      69   2.400   4.860   2.430
      72   2.400   4.860   2.430
      75   2.400   4.860   2.430
      78   2.400   4.860   2.430
      81   2.400   4.860   2.430
      84   2.400   4.860   2.430
      87   2.400   4.860   2.430
      90   2.400   4.860   2.430
      93   2.006
      96   1.643
      99   1.363
     102   1.144
     105   0.952
     108   0.797
     111   0.674
     114   0.576
     117   0.488
     120   0.418
     123   0.357
     126   0.310
     129   0.265
     132   0.232
     135   0.200
     138   0.174
     141   0.152
     144   0.133
     147   0.117
     150   0.104
     153   0.093
     156   0.082
     159   0.073
     162   0.065
     165   0.058
     168   0.052
     171   0.047
     174   0.042
     177   0.038
     180   0.034
