    -6.50000    -6.50000    -6.50000    -6.50000    -6.50000    -6.50000    -6.50000    -6.50000    -6.50000    -6.50000    -6.50000    -6.50000    -6.50000    -6.50000    -6.50000    -6.50000    -6.50000    -6.50000    -6.50000    -6.50000    -6.50000    -6.50000    -6.50000    -6.50000    -6.50000    -6.50000    -6.50000    -6.50000    -6.50000    -6.50000    -6.50000    -6.50000    -6.50000    -6.50000    -6.50000    -6.50000    -6.50000    -6.50000    -6.50000    -6.50000    -6.50000    -6.50000    -6.50000    -6.50000    -6.50000    -6.50000    -6.50000    -6.50000    -6.50000    -6.50000    -6.50000    -6.50000    -6.50000    -6.50000    -6.50000    -6.50000    -6.50000    -6.50000    -6.50000    -6.50000    -6.50000    -6.50000    -6.50000    -6.50000    -6.50000    -6.50000    -6.50000    -6.50000    -6.50000    -6.50000    -6.50000    -6.50000    -6.50000    -6.50000    -6.50000    -6.50000    -6.50000    -6.50000    -6.50000    -6.50000    -6.50000
    -6.48000    -6.48000    -6.48000    -6.48000    -6.48000    -6.48000    -6.48000    -6.48000    -6.48000    -6.48000    -6.48000    -6.48000    -6.48000    -6.48000    -6.48000    -6.48000    -6.48000    -6.48000    -6.48000    -6.48000    -6.48000    -6.48000    -6.48000    -6.48000    -6.48000    -6.48000    -6.48000    -6.48000    -6.48000    -6.48000    -6.48000    -6.48000    -6.48000    -6.48000    -6.48000    -6.48000    -6.48000    -6.48000    -6.48000    -6.48000    -6.48000    -6.48000    -6.48000    -6.48000    -6.48000    -6.48000    -6.48000    -6.48000    -6.48000    -6.48000    -6.48000    -6.48000    -6.48000    -6.48000    -6.48000    -6.48000    -6.48000    -6.48000    -6.48000    -6.48000    -6.48000    -6.48000    -6.48000    -6.48000    -6.48000    -6.48000    -6.48000    -6.48000    -6.48000    -6.48000    -6.48000    -6.48000    -6.48000    -6.48000    -6.48000    -6.48000    -6.48000    -6.48000    -6.48000    -6.48000    -6.48000
    -6.46000    -6.46000    -6.46000    -6.46000    -6.46000    -6.46000    -6.46000    -6.46000    -6.46000    -6.46000    -6.46000    -6.46000    -6.46000    -6.46000    -6.46000    -6.46000    -6.46000    -6.46000    -6.46000    -6.46000    -6.46000    -6.46000    -6.46000    -6.46000    -6.46000    -6.46000    -6.46000    -6.46000    -6.46000    -6.46000    -6.46000    -6.46000    -6.46000    -6.46000    -6.46000    -6.46000    -6.46000    -6.46000    -6.46000    -6.46000    -6.46000    -6.46000    -6.46000    -6.46000    -6.46000    -6.46000    -6.46000    -6.46000    -6.46000    -6.46000    -6.46000    -6.46000    -6.46000    -6.46000    -6.46000    -6.46000    -6.46000    -6.46000    -6.46000    -6.46000    -6.46000    -6.46000    -6.46000    -6.46000    -6.46000    -6.46000    -6.46000    -6.46000    -6.46000    -6.46000    -6.46000    -6.46000    -6.46000    -6.46000    -6.46000    -6.46000    -6.46000    -6.46000    -6.46000    -6.46000    -6.46000
    -6.44000    -6.44000    -6.44000    -6.44000    -6.44000    -6.44000    -6.44000    -6.44000    -6.44000    -6.44000    -6.44000    -6.44000    -6.44000    -6.44000    -6.44000    -6.44000    -6.44000    -6.44000    -6.44000    -6.44000    -6.44000    -6.44000    -6.44000    -6.44000    -6.44000    -6.44000    -6.44000    -6.44000    -6.44000    -6.44000    -6.44000    -6.44000    -6.44000    -6.44000    -6.44000    -6.44000    -6.44000    -6.44000    -6.44000    -6.44000    -6.44000    -6.44000    -6.44000    -6.44000    -6.44000    -6.44000    -6.44000    -6.44000    -6.44000    -6.44000    -6.44000    -6.44000    -6.44000    -6.44000    -6.44000    -6.44000    -6.44000    -6.44000    -6.44000    -6.44000    -6.44000    -6.44000    -6.44000    -6.44000    -6.44000    -6.44000    -6.44000    -6.44000    -6.44000    -6.44000    -6.44000    -6.44000    -6.44000    -6.44000    -6.44000    -6.44000    -6.44000    -6.44000    -6.44000    -6.44000    -6.44000
    -6.42000    -6.42000    -6.42000    -6.42000    -6.42000    -6.42000    -6.42000    -6.42000    -6.42000    -6.42000    -6.42000    -6.42000    -6.42000    -6.42000    -6.42000    -6.42000    -6.42000    -6.42000    -6.42000    -6.42000    -6.42000    -6.42000    -6.42000    -6.42000    -6.42000    -6.42000    -6.42000    -6.42000    -6.42000    -6.42000    -6.42000    -6.42000    -6.42000    -6.42000    -6.42000    -6.42000    -6.42000    -6.42000    -6.42000    -6.42000    -6.42000    -6.42000    -6.42000    -6.42000    -6.42000    -6.42000    -6.42000    -6.42000    -6.42000    -6.42000    -6.42000    -6.42000    -6.42000    -6.42000    -6.42000    -6.42000    -6.42000    -6.42000    -6.42000    -6.42000    -6.42000    -6.42000    -6.42000    -6.42000    -6.42000    -6.42000    -6.42000    -6.42000    -6.42000    -6.42000    -6.42000    -6.42000    -6.42000    -6.42000    -6.42000    -6.42000    -6.42000    -6.42000    -6.42000    -6.42000    -6.42000
    -6.40000    -6.40000    -6.40000    -6.40000    -6.40000    -6.40000    -6.40000    -6.40000    -6.40000    -6.40000    -6.40000    -6.40000    -6.40000    -6.40000    -6.40000    -6.40000    -6.40000    -6.40000    -6.40000    -6.40000    -6.40000    -6.40000    -6.40000    -6.40000    -6.40000    -6.40000    -6.40000    -6.40000    -6.40000    -6.40000    -6.40000    -6.40000    -6.40000    -6.40000    -6.40000    -6.40000    -6.40000    -6.40000    -6.40000    -6.40000    -6.40000    -6.40000    -6.40000    -6.40000    -6.40000    -6.40000    -6.40000    -6.40000    -6.40000    -6.40000    -6.40000    -6.40000    -6.40000    -6.40000    -6.40000    -6.40000    -6.40000    -6.40000    -6.40000    -6.40000    -6.40000    -6.40000    -6.40000    -6.40000    -6.40000    -6.40000    -6.40000    -6.40000    -6.40000    -6.40000    -6.40000    -6.40000    -6.40000    -6.40000    -6.40000    -6.40000    -6.40000    -6.40000    -6.40000    -6.40000    -6.40000
    -6.38000    -6.38000    -6.38000    -6.38000    -6.38000    -6.38000    -6.38000    -6.38000    -6.38000    -6.38000    -6.38000    -6.38000    -6.38000    -6.38000    -6.38000    -6.38000    -6.38000    -6.38000    -6.38000    -6.38000    -6.38000    -6.38000    -6.38000    -6.38000    -6.38000    -6.38000    -6.38000    -6.38000    -6.38000    -6.38000    -6.38000    -6.38000    -6.38000    -6.38000    -6.38000    -6.38000    -6.38000    -6.38000    -6.38000    -6.38000    -6.38000    -6.38000    -6.38000    -6.38000    -6.38000    -6.38000    -6.38000    -6.38000    -6.38000    -6.38000    -6.38000    -6.38000    -6.38000    -6.38000    -6.38000    -6.38000    -6.38000    -6.38000    -6.38000    -6.38000    -6.38000    -6.38000    -6.38000    -6.38000    -6.38000    -6.38000    -6.38000    -6.38000    -6.38000    -6.38000    -6.38000    -6.38000    -6.38000    -6.38000    -6.38000    -6.38000    -6.38000    -6.38000    -6.38000    -6.38000    -6.38000
    -6.36000    -6.36000    -6.36000    -6.36000    -6.36000    -6.36000    -6.36000    -6.36000    -6.36000    -6.36000    -6.36000    -6.36000    -6.36000    -6.36000    -6.36000    -6.36000    -6.36000    -6.36000    -6.36000    -6.36000    -6.36000    -6.36000    -6.36000    -6.36000    -6.36000    -6.36000    -6.36000    -6.36000    -6.36000    -6.36000    -6.36000    -6.36000    -6.36000    -6.36000    -6.36000    -6.36000    -6.36000    -6.36000    -6.36000    -6.36000    -6.36000    -6.36000    -6.36000    -6.36000    -6.36000    -6.36000    -6.36000    -6.36000    -6.36000    -6.36000    -6.36000    -6.36000    -6.36000    -6.36000    -6.36000    -6.36000    -6.36000    -6.36000    -6.36000    -6.36000    -6.36000    -6.36000    -6.36000    -6.36000    -6.36000    -6.36000    -6.36000    -6.36000    -6.36000    -6.36000    -6.36000    -6.36000    -6.36000    -6.36000    -6.36000    -6.36000    -6.36000    -6.36000    -6.36000    -6.36000    -6.36000
    -6.34000    -6.34000    -6.34000    -6.34000    -6.34000    -6.34000    -6.34000    -6.34000    -6.34000    -6.34000    -6.34000    -6.34000    -6.34000    -6.34000    -6.34000    -6.34000    -6.34000    -6.34000    -6.34000    -6.34000    -6.34000    -6.34000    -6.34000    -6.34000    -6.34000    -6.34000    -6.34000    -6.34000    -6.34000    -6.34000    -6.34000    -6.34000    -6.34000    -6.34000    -6.34000    -6.34000    -6.34000    -6.34000    -6.34000    -6.34000    -6.34000    -6.34000    -6.34000    -6.34000    -6.34000    -6.34000    -6.34000    -6.34000    -6.34000    -6.34000    -6.34000    -6.34000    -6.34000    -6.34000    -6.34000    -6.34000    -6.34000    -6.34000    -6.34000    -6.34000    -6.34000    -6.34000    -6.34000    -6.34000    -6.34000    -6.34000    -6.34000    -6.34000    -6.34000    -6.34000    -6.34000    -6.34000    -6.34000    -6.34000    -6.34000    -6.34000    -6.34000    -6.34000    -6.34000    -6.34000    -6.34000
    -6.32000    -6.32000    -6.32000    -6.32000    -6.32000    -6.32000    -6.32000    -6.32000    -6.32000    -6.32000    -6.32000    -6.32000    -6.32000    -6.32000    -6.32000    -6.32000    -6.32000    -6.32000    -6.32000    -6.32000    -6.32000    -6.32000    -6.32000    -6.32000    -6.32000    -6.32000    -6.32000    -6.32000    -6.32000    -6.32000    -6.32000    -6.32000    -6.32000    -6.32000    -6.32000    -6.32000    -6.32000    -6.32000    -6.32000    -6.32000    -6.32000    -6.32000    -6.32000    -6.32000    -6.32000    -6.32000    -6.32000    -6.32000    -6.32000    -6.32000    -6.32000    -6.32000    -6.32000    -6.32000    -6.32000    -6.32000    -6.32000    -6.32000    -6.32000    -6.32000    -6.32000    -6.32000    -6.32000    -6.32000    -6.32000    -6.32000    -6.32000    -6.32000    -6.32000    -6.32000    -6.32000    -6.32000    -6.32000    -6.32000    -6.32000    -6.32000    -6.32000    -6.32000    -6.32000    -6.32000    -6.32000
    -6.30000    -6.30000    -6.30000    -6.30000    -6.30000    -6.30000    -6.30000    -6.30000    -6.30000    -6.30000    -6.30000    -6.30000    -6.30000    -6.30000    -6.30000    -6.30000    -6.30000    -6.30000    -6.30000    -6.30000    -6.30000    -6.30000    -6.30000    -6.30000    -6.30000    -6.30000    -6.30000    -6.30000    -6.30000    -6.30000    -6.30000    -6.30000    -6.30000    -6.30000    -6.30000    -6.30000    -6.30000    -6.30000    -6.30000    -6.30000    -6.30000    -6.30000    -6.30000    -6.30000    -6.30000    -6.30000    -6.30000    -6.30000    -6.30000    -6.30000    -6.30000    -6.30000    -6.30000    -6.30000    -6.30000    -6.30000    -6.30000    -6.30000    -6.30000    -6.30000    -6.30000    -6.30000    -6.30000    -6.30000    -6.30000    -6.30000    -6.30000    -6.30000    -6.30000    -6.30000    -6.30000    -6.30000    -6.30000    -6.30000    -6.30000    -6.30000    -6.30000    -6.30000    -6.30000    -6.30000    -6.30000
    -6.28000    -6.28000    -6.28000    -6.28000    -6.28000    -6.28000    -6.28000    -6.28000    -6.28000    -6.28000    -6.28000    -6.28000    -6.28000    -6.28000    -6.28000    -6.28000    -6.28000    -6.28000    -6.28000    -6.28000    -6.28000    -6.28000    -6.28000    -6.28000    -6.28000    -6.28000    -6.28000    -6.28000    -6.28000    -6.28000    -6.28000    -6.28000    -6.28000    -6.28000    -6.28000    -6.28000    -6.28000    -6.28000    -6.28000    -6.28000    -6.28000    -6.28000    -6.28000    -6.28000    -6.28000    -6.28000    -6.28000    -6.28000    -6.28000    -6.28000    -6.28000    -6.28000    -6.28000    -6.28000    -6.28000    -6.28000    -6.28000    -6.28000    -6.28000    -6.28000    -6.28000    -6.28000    -6.28000    -6.28000    -6.28000    -6.28000    -6.28000    -6.28000    -6.28000    -6.28000    -6.28000    -6.28000    -6.28000    -6.28000    -6.28000    -6.28000    -6.28000    -6.28000    -6.28000    -6.28000    -6.28000
    -6.26000    -6.26000    -6.26000    -6.26000    -6.26000    -6.26000    -6.26000    -6.26000    -6.26000    -6.26000    -6.26000    -6.26000    -6.26000    -6.26000    -6.26000    -6.26000    -6.26000    -6.26000    -6.26000    -6.26000    -6.26000    -6.26000    -6.26000    -6.26000    -6.26000    -6.26000    -6.26000    -6.26000    -6.26000    -6.26000    -6.26000    -6.26000    -6.26000    -6.26000    -6.26000    -6.26000    -6.26000    -6.26000    -6.26000    -6.26000    -6.26000    -6.26000    -6.26000    -6.26000    -6.26000    -6.26000    -6.26000    -6.26000    -6.26000    -6.26000    -6.26000    -6.26000    -6.26000    -6.26000    -6.26000    -6.26000    -6.26000    -6.26000    -6.26000    -6.26000    -6.26000    -6.26000    -6.26000    -6.26000    -6.26000    -6.26000    -6.26000    -6.26000    -6.26000    -6.26000    -6.26000    -6.26000    -6.26000    -6.26000    -6.26000    -6.26000    -6.26000    -6.26000    -6.26000    -6.26000    -6.26000
    -6.24000    -6.24000    -6.24000    -6.24000    -6.24000    -6.24000    -6.24000    -6.24000    -6.24000    -6.24000    -6.24000    -6.24000    -6.24000    -6.24000    -6.24000    -6.24000    -6.24000    -6.24000    -6.24000    -6.24000    -6.24000    -6.24000    -6.24000    -6.24000    -6.24000    -6.24000    -6.24000    -6.24000    -6.24000    -6.24000    -6.24000    -6.24000    -6.24000    -6.24000    -6.24000    -6.24000    -6.24000    -6.24000    -6.24000    -6.24000    -6.24000    -6.24000    -6.24000    -6.24000    -6.24000    -6.24000    -6.24000    -6.24000    -6.24000    -6.24000    -6.24000    -6.24000    -6.24000    -6.24000    -6.24000    -6.24000    -6.24000    -6.24000    -6.24000    -6.24000    -6.24000    -6.24000    -6.24000    -6.24000    -6.24000    -6.24000    -6.24000    -6.24000    -6.24000    -6.24000    -6.24000    -6.24000    -6.24000    -6.24000    -6.24000    -6.24000    -6.24000    -6.24000    -6.24000    -6.24000    -6.24000
    -6.22000    -6.22000    -6.22000    -6.22000    -6.22000    -6.22000    -6.22000    -6.22000    -6.22000    -6.22000    -6.22000    -6.22000    -6.22000    -6.22000    -6.22000    -6.22000    -6.22000    -6.22000    -6.22000    -6.22000    -6.22000    -6.22000    -6.22000    -6.22000    -6.22000    -6.22000    -6.22000    -6.22000    -6.22000    -6.22000    -6.22000    -6.22000    -6.22000    -6.22000    -6.22000    -6.22000    -6.22000    -6.22000    -6.22000    -6.22000    -6.22000    -6.22000    -6.22000    -6.22000    -6.22000    -6.22000    -6.22000    -6.22000    -6.22000    -6.22000    -6.22000    -6.22000    -6.22000    -6.22000    -6.22000    -6.22000    -6.22000    -6.22000    -6.22000    -6.22000    -6.22000    -6.22000    -6.22000    -6.22000    -6.22000    -6.22000    -6.22000    -6.22000    -6.22000    -6.22000    -6.22000    -6.22000    -6.22000    -6.22000    -6.22000    -6.22000    -6.22000    -6.22000    -6.22000    -6.22000    -6.22000
    60.50000    59.50000    58.50000    57.50000    56.50000    55.50000    54.50000    53.50000    52.50000    51.50000    50.50000    49.50000    48.50000    47.50000    46.50000    45.50000    44.50000    43.50000    42.50000    41.50000    40.50000    39.50000    38.50000    37.50000    36.50000    35.50000    34.50000    33.50000    32.50000    31.50000    30.50000    29.50000    28.50000    27.50000    26.50000    25.50000    24.50000    23.50000    22.50000    21.50000    -6.20000    21.50000    22.50000    23.50000    24.50000    25.50000    26.50000    27.50000    28.50000    29.50000    30.50000    31.50000    32.50000    33.50000    34.50000    35.50000    36.50000    37.50000    38.50000    39.50000    40.50000    41.50000    42.50000    43.50000    44.50000    45.50000    46.50000    47.50000    48.50000    49.50000    50.50000    51.50000    52.50000    53.50000    54.50000    55.50000    56.50000    57.50000    58.50000    59.50000    60.50000
    60.50000    59.50000    58.50000    57.50000    56.50000    55.50000    54.50000    53.50000    52.50000    51.50000    50.50000    49.50000    48.50000    47.50000    46.50000    45.50000    44.50000    43.50000    42.50000    41.50000    40.50000    39.50000    38.50000    37.50000    36.50000    35.50000    34.50000    33.50000    32.50000    31.50000    30.50000    29.50000    28.50000    27.50000    26.50000    25.50000    24.50000    23.50000    22.50000    21.50000    -5.80000    21.50000    22.50000    23.50000    24.50000    25.50000    26.50000    27.50000    28.50000    29.50000    30.50000    31.50000    32.50000    33.50000    34.50000    35.50000    36.50000    37.50000    38.50000    39.50000    40.50000    41.50000    42.50000    43.50000    44.50000    45.50000    46.50000    47.50000    48.50000    49.50000    50.50000    51.50000    52.50000    53.50000    54.50000    55.50000    56.50000    57.50000    58.50000    59.50000    60.50000
    60.50000    59.50000    58.50000    57.50000    56.50000    55.50000    54.50000    53.50000    52.50000    51.50000    50.50000    49.50000    48.50000    47.50000    46.50000    45.50000    44.50000    43.50000    42.50000    41.50000    40.50000    39.50000    38.50000    37.50000    36.50000    35.50000    34.50000    33.50000    32.50000    31.50000    30.50000    29.50000    28.50000    27.50000    26.50000    25.50000    24.50000    23.50000    22.50000    21.50000    -5.40000    21.50000    22.50000    23.50000    24.50000    25.50000    26.50000    27.50000    28.50000    29.50000    30.50000    31.50000    32.50000    33.50000    34.50000    35.50000    36.50000    37.50000    38.50000    39.50000    40.50000    41.50000    42.50000    43.50000    44.50000    45.50000    46.50000    47.50000    48.50000    49.50000    50.50000    51.50000    52.50000    53.50000    54.50000    55.50000    56.50000    57.50000    58.50000    59.50000    60.50000
    60.50000    59.50000    58.50000    57.50000    56.50000    55.50000    54.50000    53.50000    52.50000    51.50000    50.50000    49.50000    48.50000    47.50000    46.50000    45.50000    44.50000    43.50000    42.50000    41.50000    40.50000    39.50000    38.50000    37.50000    36.50000    35.50000    34.50000    33.50000    32.50000    31.50000    30.50000    29.50000    28.50000    27.50000    26.50000    25.50000    24.50000    23.50000    22.50000    21.50000    -5.00000    21.50000    22.50000    23.50000    24.50000    25.50000    26.50000    27.50000    28.50000    29.50000    30.50000    31.50000    32.50000    33.50000    34.50000    35.50000    36.50000    37.50000    38.50000    39.50000    40.50000    41.50000    42.50000    43.50000    44.50000    45.50000    46.50000    47.50000    48.50000    49.50000    50.50000    51.50000    52.50000    53.50000    54.50000    55.50000    56.50000    57.50000    58.50000    59.50000    60.50000
    60.50000    59.50000    58.50000    57.50000    56.50000    55.50000    54.50000    53.50000    52.50000    51.50000    50.50000    49.50000    48.50000    47.50000    46.50000    45.50000    44.50000    43.50000    42.50000    41.50000    40.50000    39.50000    38.50000    37.50000    36.50000    35.50000    34.50000    33.50000    32.50000    31.50000    30.50000    29.50000    28.50000    27.50000    26.50000    25.50000    24.50000    23.50000    22.50000    21.50000    -4.60000    21.50000    22.50000    23.50000    24.50000    25.50000    26.50000    27.50000    28.50000    29.50000    30.50000    31.50000    32.50000    33.50000    34.50000    35.50000    36.50000    37.50000    38.50000    39.50000    40.50000    41.50000    42.50000    43.50000    44.50000    45.50000    46.50000    47.50000    48.50000    49.50000    50.50000    51.50000    52.50000    53.50000    54.50000    55.50000    56.50000    57.50000    58.50000    59.50000    60.50000
    60.50000    59.50000    58.50000    57.50000    56.50000    55.50000    54.50000    53.50000    52.50000    51.50000    50.50000    49.50000    48.50000    47.50000    46.50000    45.50000    44.50000    43.50000    42.50000    41.50000    40.50000    39.50000    38.50000    37.50000    36.50000    35.50000    34.50000    33.50000    32.50000    31.50000    30.50000    29.50000    28.50000    27.50000    26.50000    25.50000    24.50000    23.50000    22.50000    21.50000    -4.20000    21.50000    22.50000    23.50000    24.50000    25.50000    26.50000    27.50000    28.50000    29.50000    30.50000    31.50000    32.50000    33.50000    34.50000    35.50000    36.50000    37.50000    38.50000    39.50000    40.50000    41.50000    42.50000    43.50000    44.50000    45.50000    46.50000    47.50000    48.50000    49.50000    50.50000    51.50000    52.50000    53.50000    54.50000    55.50000    56.50000    57.50000    58.50000    59.50000    60.50000
    60.50000    59.50000    58.50000    57.50000    56.50000    55.50000    54.50000    53.50000    52.50000    51.50000    50.50000    49.50000    48.50000    47.50000    46.50000    45.50000    44.50000    43.50000    42.50000    41.50000    40.50000    39.50000    38.50000    37.50000    36.50000    35.50000    34.50000    33.50000    32.50000    31.50000    30.50000    29.50000    28.50000    27.50000    26.50000    25.50000    24.50000    23.50000    22.50000    21.50000    -3.80000    21.50000    22.50000    23.50000    24.50000    25.50000    26.50000    27.50000    28.50000    29.50000    30.50000    31.50000    32.50000    33.50000    34.50000    35.50000    36.50000    37.50000    38.50000    39.50000    40.50000    41.50000    42.50000    43.50000    44.50000    45.50000    46.50000    47.50000    48.50000    49.50000    50.50000    51.50000    52.50000    53.50000    54.50000    55.50000    56.50000    57.50000    58.50000    59.50000    60.50000
    60.50000    59.50000    58.50000    57.50000    56.50000    55.50000    54.50000    53.50000    52.50000    51.50000    50.50000    49.50000    48.50000    47.50000    46.50000    45.50000    44.50000    43.50000    42.50000    41.50000    40.50000    39.50000    38.50000    37.50000    36.50000    35.50000    34.50000    33.50000    32.50000    31.50000    30.50000    29.50000    28.50000    27.50000    26.50000    25.50000    24.50000    23.50000    22.50000    21.50000    -3.40000    21.50000    22.50000    23.50000    24.50000    25.50000    26.50000    27.50000    28.50000    29.50000    30.50000    31.50000    32.50000    33.50000    34.50000    35.50000    36.50000    37.50000    38.50000    39.50000    40.50000    41.50000    42.50000    43.50000    44.50000    45.50000    46.50000    47.50000    48.50000    49.50000    50.50000    51.50000    52.50000    53.50000    54.50000    55.50000    56.50000    57.50000    58.50000    59.50000    60.50000
    60.50000    59.50000    58.50000    57.50000    56.50000    55.50000    54.50000    53.50000    52.50000    51.50000    50.50000    49.50000    48.50000    47.50000    46.50000    45.50000    44.50000    43.50000    42.50000    41.50000    40.50000    39.50000    38.50000    37.50000    36.50000    35.50000    34.50000    33.50000    32.50000    31.50000    30.50000    29.50000    28.50000    27.50000    26.50000    25.50000    24.50000    23.50000    22.50000    21.50000    -3.00000    21.50000    22.50000    23.50000    24.50000    25.50000    26.50000    27.50000    28.50000    29.50000    30.50000    31.50000    32.50000    33.50000    34.50000    35.50000    36.50000    37.50000    38.50000    39.50000    40.50000    41.50000    42.50000    43.50000    44.50000    45.50000    46.50000    47.50000    48.50000    49.50000    50.50000    51.50000    52.50000    53.50000    54.50000    55.50000    56.50000    57.50000    58.50000    59.50000    60.50000
    60.50000    59.50000    58.50000    57.50000    56.50000    55.50000    54.50000    53.50000    52.50000    51.50000    50.50000    49.50000    48.50000    47.50000    46.50000    45.50000    44.50000    43.50000    42.50000    41.50000    40.50000    39.50000    38.50000    37.50000    36.50000    35.50000    34.50000    33.50000    32.50000    31.50000    30.50000    29.50000    28.50000    27.50000    26.50000    25.50000    24.50000    23.50000    22.50000    21.50000    -2.60000    21.50000    22.50000    23.50000    24.50000    25.50000    26.50000    27.50000    28.50000    29.50000    30.50000    31.50000    32.50000    33.50000    34.50000    35.50000    36.50000    37.50000    38.50000    39.50000    40.50000    41.50000    42.50000    43.50000    44.50000    45.50000    46.50000    47.50000    48.50000    49.50000    50.50000    51.50000    52.50000    53.50000    54.50000    55.50000    56.50000    57.50000    58.50000    59.50000    60.50000
    60.50000    59.50000    58.50000    57.50000    56.50000    55.50000    54.50000    53.50000    52.50000    51.50000    50.50000    49.50000    48.50000    47.50000    46.50000    45.50000    44.50000    43.50000    42.50000    41.50000    40.50000    39.50000    38.50000    37.50000    36.50000    35.50000    34.50000    33.50000    32.50000    31.50000    30.50000    29.50000    28.50000    27.50000    26.50000    25.50000    24.50000    23.50000    22.50000    21.50000    -2.20000    21.50000    22.50000    23.50000    24.50000    25.50000    26.50000    27.50000    28.50000    29.50000    30.50000    31.50000    32.50000    33.50000    34.50000    35.50000    36.50000    37.50000    38.50000    39.50000    40.50000    41.50000    42.50000    43.50000    44.50000    45.50000    46.50000    47.50000    48.50000    49.50000    50.50000    51.50000    52.50000    53.50000    54.50000    55.50000    56.50000    57.50000    58.50000    59.50000    60.50000
    60.50000    59.50000    58.50000    57.50000    56.50000    55.50000    54.50000    53.50000    52.50000    51.50000    50.50000    49.50000    48.50000    47.50000    46.50000    45.50000    44.50000    43.50000    42.50000    41.50000    40.50000    39.50000    38.50000    37.50000    36.50000    35.50000    34.50000    33.50000    32.50000    31.50000    30.50000    29.50000    28.50000    27.50000    26.50000    25.50000    24.50000    23.50000    22.50000    21.50000    -1.80000    21.50000    22.50000    23.50000    24.50000    25.50000    26.50000    27.50000    28.50000    29.50000    30.50000    31.50000    32.50000    33.50000    34.50000    35.50000    36.50000    37.50000    38.50000    39.50000    40.50000    41.50000    42.50000    43.50000    44.50000    45.50000    46.50000    47.50000    48.50000    49.50000    50.50000    51.50000    52.50000    53.50000    54.50000    55.50000    56.50000    57.50000    58.50000    59.50000    60.50000
    60.50000    59.50000    58.50000    57.50000    56.50000    55.50000    54.50000    53.50000    52.50000    51.50000    50.50000    49.50000    48.50000    47.50000    46.50000    45.50000    44.50000    43.50000    42.50000    41.50000    40.50000    39.50000    38.50000    37.50000    36.50000    35.50000    34.50000    33.50000    32.50000    31.50000    30.50000    29.50000    28.50000    27.50000    26.50000    25.50000    24.50000    23.50000    22.50000    21.50000    -1.40000    21.50000    22.50000    23.50000    24.50000    25.50000    26.50000    27.50000    28.50000    29.50000    30.50000    31.50000    32.50000    33.50000    34.50000    35.50000    36.50000    37.50000    38.50000    39.50000    40.50000    41.50000    42.50000    43.50000    44.50000    45.50000    46.50000    47.50000    48.50000    49.50000    50.50000    51.50000    52.50000    53.50000    54.50000    55.50000    56.50000    57.50000    58.50000    59.50000    60.50000
    60.50000    59.50000    58.50000    57.50000    56.50000    55.50000    54.50000    53.50000    52.50000    51.50000    50.50000    49.50000    48.50000    47.50000    46.50000    45.50000    44.50000    43.50000    42.50000    41.50000    40.50000    39.50000    38.50000    37.50000    36.50000    35.50000    34.50000    33.50000    32.50000    31.50000    30.50000    29.50000    28.50000    27.50000    26.50000    25.50000    24.50000    23.50000    22.50000    21.50000    -1.00000    21.50000    22.50000    23.50000    24.50000    25.50000    26.50000    27.50000    28.50000    29.50000    30.50000    31.50000    32.50000    33.50000    34.50000    35.50000    36.50000    37.50000    38.50000    39.50000    40.50000    41.50000    42.50000    43.50000    44.50000    45.50000    46.50000    47.50000    48.50000    49.50000    50.50000    51.50000    52.50000    53.50000    54.50000    55.50000    56.50000    57.50000    58.50000    59.50000    60.50000
    60.50000    59.50000    58.50000    57.50000    56.50000    55.50000    54.50000    53.50000    52.50000    51.50000    50.50000    49.50000    48.50000    47.50000    46.50000    45.50000    44.50000    43.50000    42.50000    41.50000    40.50000    39.50000    38.50000    37.50000    36.50000    35.50000    34.50000    33.50000    32.50000    31.50000    30.50000    29.50000    28.50000    27.50000    26.50000    25.50000    24.50000    23.50000    22.50000    21.50000    -0.60000    21.50000    22.50000    23.50000    24.50000    25.50000    26.50000    27.50000    28.50000    29.50000    30.50000    31.50000    32.50000    33.50000    34.50000    35.50000    36.50000    37.50000    38.50000    39.50000    40.50000    41.50000    42.50000    43.50000    44.50000    45.50000    46.50000    47.50000    48.50000    49.50000    50.50000    51.50000    52.50000    53.50000    54.50000    55.50000    56.50000    57.50000    58.50000    59.50000    60.50000
    60.50000    59.50000    58.50000    57.50000    56.50000    55.50000    54.50000    53.50000    52.50000    51.50000    50.50000    49.50000    48.50000    47.50000    46.50000    45.50000    44.50000    43.50000    42.50000    41.50000    40.50000    39.50000    38.50000    37.50000    36.50000    35.50000    34.50000    33.50000    32.50000    31.50000    30.50000    29.50000    28.50000    27.50000    26.50000    25.50000    24.50000    23.50000    22.50000    21.50000    -0.20000    21.50000    22.50000    23.50000    24.50000    25.50000    26.50000    27.50000    28.50000    29.50000    30.50000    31.50000    32.50000    33.50000    34.50000    35.50000    36.50000    37.50000    38.50000    39.50000    40.50000    41.50000    42.50000    43.50000    44.50000    45.50000    46.50000    47.50000    48.50000    49.50000    50.50000    51.50000    52.50000    53.50000    54.50000    55.50000    56.50000    57.50000    58.50000    59.50000    60.50000
    60.50000    59.50000    58.50000    57.50000    56.50000    55.50000    54.50000    53.50000    52.50000    51.50000    50.50000    49.50000    48.50000    47.50000    46.50000    45.50000    44.50000    43.50000    42.50000    41.50000    40.50000    39.50000    38.50000    37.50000    36.50000    35.50000    34.50000    33.50000    32.50000    31.50000    30.50000    29.50000    28.50000    27.50000    26.50000    25.50000    24.50000    23.50000    22.50000    21.50000     0.20000    21.50000    22.50000    23.50000    24.50000    25.50000    26.50000    27.50000    28.50000    29.50000    30.50000    31.50000    32.50000    33.50000    34.50000    35.50000    36.50000    37.50000    38.50000    39.50000    40.50000    41.50000    42.50000    43.50000    44.50000    45.50000    46.50000    47.50000    48.50000    49.50000    50.50000    51.50000    52.50000    53.50000    54.50000    55.50000    56.50000    57.50000    58.50000    59.50000    60.50000
    60.50000    59.50000    58.50000    57.50000    56.50000    55.50000    54.50000    53.50000    52.50000    51.50000    50.50000    49.50000    48.50000    47.50000    46.50000    45.50000    44.50000    43.50000    42.50000    41.50000    40.50000    39.50000    38.50000    37.50000    36.50000    35.50000    34.50000    33.50000    32.50000    31.50000    30.50000    29.50000    28.50000    27.50000    26.50000    25.50000    24.50000    23.50000    22.50000    21.50000     0.60000    21.50000    22.50000    23.50000    24.50000    25.50000    26.50000    27.50000    28.50000    29.50000    30.50000    31.50000    32.50000    33.50000    34.50000    35.50000    36.50000    37.50000    38.50000    39.50000    40.50000    41.50000    42.50000    43.50000    44.50000    45.50000    46.50000    47.50000    48.50000    49.50000    50.50000    51.50000    52.50000    53.50000    54.50000    55.50000    56.50000    57.50000    58.50000    59.50000    60.50000
    60.50000    59.50000    58.50000    57.50000    56.50000    55.50000    54.50000    53.50000    52.50000    51.50000    50.50000    49.50000    48.50000    47.50000    46.50000    45.50000    44.50000    43.50000    42.50000    41.50000    40.50000    39.50000    38.50000    37.50000    36.50000    35.50000    34.50000    33.50000    32.50000    31.50000    30.50000    29.50000    28.50000    27.50000    26.50000    25.50000    24.50000    23.50000    22.50000    21.50000     1.00000    21.50000    22.50000    23.50000    24.50000    25.50000    26.50000    27.50000    28.50000    29.50000    30.50000    31.50000    32.50000    33.50000    34.50000    35.50000    36.50000    37.50000    38.50000    39.50000    40.50000    41.50000    42.50000    43.50000    44.50000    45.50000    46.50000    47.50000    48.50000    49.50000    50.50000    51.50000    52.50000    53.50000    54.50000    55.50000    56.50000    57.50000    58.50000    59.50000    60.50000
    60.50000    59.50000    58.50000    57.50000    56.50000    55.50000    54.50000    53.50000    52.50000    51.50000    50.50000    49.50000    48.50000    47.50000    46.50000    45.50000    44.50000    43.50000    42.50000    41.50000    40.50000    39.50000    38.50000    37.50000    36.50000    35.50000    34.50000    33.50000    32.50000    31.50000    30.50000    29.50000    28.50000    27.50000    26.50000    25.50000    24.50000    23.50000    22.50000    21.50000     1.40000    21.50000    22.50000    23.50000    24.50000    25.50000    26.50000    27.50000    28.50000    29.50000    30.50000    31.50000    32.50000    33.50000    34.50000    35.50000    36.50000    37.50000    38.50000    39.50000    40.50000    41.50000    42.50000    43.50000    44.50000    45.50000    46.50000    47.50000    48.50000    49.50000    50.50000    51.50000    52.50000    53.50000    54.50000    55.50000    56.50000    57.50000    58.50000    59.50000    60.50000
    60.50000    59.50000    58.50000    57.50000    56.50000    55.50000    54.50000    53.50000    52.50000    51.50000    50.50000    49.50000    48.50000    47.50000    46.50000    45.50000    44.50000    43.50000    42.50000    41.50000    40.50000    39.50000    38.50000    37.50000    36.50000    35.50000    34.50000    33.50000    32.50000    31.50000    30.50000    29.50000    28.50000    27.50000    26.50000    25.50000    24.50000    23.50000    22.50000    21.50000     1.80000    21.50000    22.50000    23.50000    24.50000    25.50000    26.50000    27.50000    28.50000    29.50000    30.50000    31.50000    32.50000    33.50000    34.50000    35.50000    36.50000    37.50000    38.50000    39.50000    40.50000    41.50000    42.50000    43.50000    44.50000    45.50000    46.50000    47.50000    48.50000    49.50000    50.50000    51.50000    52.50000    53.50000    54.50000    55.50000    56.50000    57.50000    58.50000    59.50000    60.50000
    60.50000    59.50000    58.50000    57.50000    56.50000    55.50000    54.50000    53.50000    52.50000    51.50000    50.50000    49.50000    48.50000    47.50000    46.50000    45.50000    44.50000    43.50000    42.50000    41.50000    40.50000    39.50000    38.50000    37.50000    36.50000    35.50000    34.50000    33.50000    32.50000    31.50000    30.50000    29.50000    28.50000    27.50000    26.50000    25.50000    24.50000    23.50000    22.50000    21.50000     2.20000    21.50000    22.50000    23.50000    24.50000    25.50000    26.50000    27.50000    28.50000    29.50000    30.50000    31.50000    32.50000    33.50000    34.50000    35.50000    36.50000    37.50000    38.50000    39.50000    40.50000    41.50000    42.50000    43.50000    44.50000    45.50000    46.50000    47.50000    48.50000    49.50000    50.50000    51.50000    52.50000    53.50000    54.50000    55.50000    56.50000    57.50000    58.50000    59.50000    60.50000
    60.50000    59.50000    58.50000    57.50000    56.50000    55.50000    54.50000    53.50000    52.50000    51.50000    50.50000    49.50000    48.50000    47.50000    46.50000    45.50000    44.50000    43.50000    42.50000    41.50000    40.50000    39.50000    38.50000    37.50000    36.50000    35.50000    34.50000    33.50000    32.50000    31.50000    30.50000    29.50000    28.50000    27.50000    26.50000    25.50000    24.50000    23.50000    22.50000    21.50000     2.60000    21.50000    22.50000    23.50000    24.50000    25.50000    26.50000    27.50000    28.50000    29.50000    30.50000    31.50000    32.50000    33.50000    34.50000    35.50000    36.50000    37.50000    38.50000    39.50000    40.50000    41.50000    42.50000    43.50000    44.50000    45.50000    46.50000    47.50000    48.50000    49.50000    50.50000    51.50000    52.50000    53.50000    54.50000    55.50000    56.50000    57.50000    58.50000    59.50000    60.50000
    60.50000    59.50000    58.50000    57.50000    56.50000    55.50000    54.50000    53.50000    52.50000    51.50000    50.50000    49.50000    48.50000    47.50000    46.50000    45.50000    44.50000    43.50000    42.50000    41.50000    40.50000    39.50000    38.50000    37.50000    36.50000    35.50000    34.50000    33.50000    32.50000    31.50000    30.50000    29.50000    28.50000    27.50000    26.50000    25.50000    24.50000    23.50000    22.50000    21.50000     3.00000    21.50000    22.50000    23.50000    24.50000    25.50000    26.50000    27.50000    28.50000    29.50000    30.50000    31.50000    32.50000    33.50000    34.50000    35.50000    36.50000    37.50000    38.50000    39.50000    40.50000    41.50000    42.50000    43.50000    44.50000    45.50000    46.50000    47.50000    48.50000    49.50000    50.50000    51.50000    52.50000    53.50000    54.50000    55.50000    56.50000    57.50000    58.50000    59.50000    60.50000
    60.50000    59.50000    58.50000    57.50000    56.50000    55.50000    54.50000    53.50000    52.50000    51.50000    50.50000    49.50000    48.50000    47.50000    46.50000    45.50000    44.50000    43.50000    42.50000    41.50000    40.50000    39.50000    38.50000    37.50000    36.50000    35.50000    34.50000    33.50000    32.50000    31.50000    30.50000    29.50000    28.50000    27.50000    26.50000    25.50000    24.50000    23.50000    22.50000    21.50000     3.40000    21.50000    22.50000    23.50000    24.50000    25.50000    26.50000    27.50000    28.50000    29.50000    30.50000    31.50000    32.50000    33.50000    34.50000    35.50000    36.50000    37.50000    38.50000    39.50000    40.50000    41.50000    42.50000    43.50000    44.50000    45.50000    46.50000    47.50000    48.50000    49.50000    50.50000    51.50000    52.50000    53.50000    54.50000    55.50000    56.50000    57.50000    58.50000    59.50000    60.50000
    60.50000    59.50000    58.50000    57.50000    56.50000    55.50000    54.50000    53.50000    52.50000    51.50000    50.50000    49.50000    48.50000    47.50000    46.50000    45.50000    44.50000    43.50000    42.50000    41.50000    40.50000    39.50000    38.50000    37.50000    36.50000    35.50000    34.50000    33.50000    32.50000    31.50000    30.50000    29.50000    28.50000    27.50000    26.50000    25.50000    24.50000    23.50000    22.50000    21.50000     3.80000    21.50000    22.50000    23.50000    24.50000    25.50000    26.50000    27.50000    28.50000    29.50000    30.50000    31.50000    32.50000    33.50000    34.50000    35.50000    36.50000    37.50000    38.50000    39.50000    40.50000    41.50000    42.50000    43.50000    44.50000    45.50000    46.50000    47.50000    48.50000    49.50000    50.50000    51.50000    52.50000    53.50000    54.50000    55.50000    56.50000    57.50000    58.50000    59.50000    60.50000
    60.50000    59.50000    58.50000    57.50000    56.50000    55.50000    54.50000    53.50000    52.50000    51.50000    50.50000    49.50000    48.50000    47.50000    46.50000    45.50000    44.50000    43.50000    42.50000    41.50000    40.50000    39.50000    38.50000    37.50000    36.50000    35.50000    34.50000    33.50000    32.50000    31.50000    30.50000    29.50000    28.50000    27.50000    26.50000    25.50000    24.50000    23.50000    22.50000    21.50000     4.20000    21.50000    22.50000    23.50000    24.50000    25.50000    26.50000    27.50000    28.50000    29.50000    30.50000    31.50000    32.50000    33.50000    34.50000    35.50000    36.50000    37.50000    38.50000    39.50000    40.50000    41.50000    42.50000    43.50000    44.50000    45.50000    46.50000    47.50000    48.50000    49.50000    50.50000    51.50000    52.50000    53.50000    54.50000    55.50000    56.50000    57.50000    58.50000    59.50000    60.50000
    60.50000    59.50000    58.50000    57.50000    56.50000    55.50000    54.50000    53.50000    52.50000    51.50000    50.50000    49.50000    48.50000    47.50000    46.50000    45.50000    44.50000    43.50000    42.50000    41.50000    40.50000    39.50000    38.50000    37.50000    36.50000    35.50000    34.50000    33.50000    32.50000    31.50000    30.50000    29.50000    28.50000    27.50000    26.50000    25.50000    24.50000    23.50000    22.50000    21.50000     4.60000    21.50000    22.50000    23.50000    24.50000    25.50000    26.50000    27.50000    28.50000    29.50000    30.50000    31.50000    32.50000    33.50000    34.50000    35.50000    36.50000    37.50000    38.50000    39.50000    40.50000    41.50000    42.50000    43.50000    44.50000    45.50000    46.50000    47.50000    48.50000    49.50000    50.50000    51.50000    52.50000    53.50000    54.50000    55.50000    56.50000    57.50000    58.50000    59.50000    60.50000
    60.50000    59.50000    58.50000    57.50000    56.50000    55.50000    54.50000    53.50000    52.50000    51.50000    50.50000    49.50000    48.50000    47.50000    46.50000    45.50000    44.50000    43.50000    42.50000    41.50000    40.50000    39.50000    38.50000    37.50000    36.50000    35.50000    34.50000    33.50000    32.50000    31.50000    30.50000    29.50000    28.50000    27.50000    26.50000    25.50000    24.50000    23.50000    22.50000    21.50000     5.00000    21.50000    22.50000    23.50000    24.50000    25.50000    26.50000    27.50000    28.50000    29.50000    30.50000    31.50000    32.50000    33.50000    34.50000    35.50000    36.50000    37.50000    38.50000    39.50000    40.50000    41.50000    42.50000    43.50000    44.50000    45.50000    46.50000    47.50000    48.50000    49.50000    50.50000    51.50000    52.50000    53.50000    54.50000    55.50000    56.50000    57.50000    58.50000    59.50000    60.50000
    60.50000    59.50000    58.50000    57.50000    56.50000    55.50000    54.50000    53.50000    52.50000    51.50000    50.50000    49.50000    48.50000    47.50000    46.50000    45.50000    44.50000    43.50000    42.50000    41.50000    40.50000    39.50000    38.50000    37.50000    36.50000    35.50000    34.50000    33.50000    32.50000    31.50000    30.50000    29.50000    28.50000    27.50000    26.50000    25.50000    24.50000    23.50000    22.50000    21.50000     5.40000    21.50000    22.50000    23.50000    24.50000    25.50000    26.50000    27.50000    28.50000    29.50000    30.50000    31.50000    32.50000    33.50000    34.50000    35.50000    36.50000    37.50000    38.50000    39.50000    40.50000    41.50000    42.50000    43.50000    44.50000    45.50000    46.50000    47.50000    48.50000    49.50000    50.50000    51.50000    52.50000    53.50000    54.50000    55.50000    56.50000    57.50000    58.50000    59.50000    60.50000
    60.50000    59.50000    58.50000    57.50000    56.50000    55.50000    54.50000    53.50000    52.50000    51.50000    50.50000    49.50000    48.50000    47.50000    46.50000    45.50000    44.50000    43.50000    42.50000    41.50000    40.50000    39.50000    38.50000    37.50000    36.50000    35.50000    34.50000    33.50000    32.50000    31.50000    30.50000    29.50000    28.50000    27.50000    26.50000    25.50000    24.50000    23.50000    22.50000    21.50000     5.80000    21.50000    22.50000    23.50000    24.50000    25.50000    26.50000    27.50000    28.50000    29.50000    30.50000    31.50000    32.50000    33.50000    34.50000    35.50000    36.50000    37.50000    38.50000    39.50000    40.50000    41.50000    42.50000    43.50000    44.50000    45.50000    46.50000    47.50000    48.50000    49.50000    50.50000    51.50000    52.50000    53.50000    54.50000    55.50000    56.50000    57.50000    58.50000    59.50000    60.50000
    60.50000    59.50000    58.50000    57.50000    56.50000    55.50000    54.50000    53.50000    52.50000    51.50000    50.50000    49.50000    48.50000    47.50000    46.50000    45.50000    44.50000    43.50000    42.50000    41.50000    40.50000    39.50000    38.50000    37.50000    36.50000    35.50000    34.50000    33.50000    32.50000    31.50000    30.50000    29.50000    28.50000    27.50000    26.50000    25.50000    24.50000    23.50000    22.50000    21.50000     6.20000    21.50000    22.50000    23.50000    24.50000    25.50000    26.50000    27.50000    28.50000    29.50000    30.50000    31.50000    32.50000    33.50000    34.50000    35.50000    36.50000    37.50000    38.50000    39.50000    40.50000    41.50000    42.50000    43.50000    44.50000    45.50000    46.50000    47.50000    48.50000    49.50000    50.50000    51.50000    52.50000    53.50000    54.50000    55.50000    56.50000    57.50000    58.50000    59.50000    60.50000
    60.50000    59.50000    58.50000    57.50000    56.50000    55.50000    54.50000    53.50000    52.50000    51.50000    50.50000    49.50000    48.50000    47.50000    46.50000    45.50000    44.50000    43.50000    42.50000    41.50000    40.50000    39.50000    38.50000    37.50000    36.50000    35.50000    34.50000    33.50000    32.50000    31.50000    30.50000    29.50000    28.50000    27.50000    26.50000    25.50000    24.50000    23.50000    22.50000    21.50000     6.60000    21.50000    22.50000    23.50000    24.50000    25.50000    26.50000    27.50000    28.50000    29.50000    30.50000    31.50000    32.50000    33.50000    34.50000    35.50000    36.50000    37.50000    38.50000    39.50000    40.50000    41.50000    42.50000    43.50000    44.50000    45.50000    46.50000    47.50000    48.50000    49.50000    50.50000    51.50000    52.50000    53.50000    54.50000    55.50000    56.50000    57.50000    58.50000    59.50000    60.50000
    60.50000    59.50000    58.50000    57.50000    56.50000    55.50000    54.50000    53.50000    52.50000    51.50000    50.50000    49.50000    48.50000    47.50000    46.50000    45.50000    44.50000    43.50000    42.50000    41.50000    40.50000    39.50000    38.50000    37.50000    36.50000    35.50000    34.50000    33.50000    32.50000    31.50000    30.50000    29.50000    28.50000    27.50000    26.50000    25.50000    24.50000    23.50000    22.50000    21.50000     7.00000    21.50000    22.50000    23.50000    24.50000    25.50000    26.50000    27.50000    28.50000    29.50000    30.50000    31.50000    32.50000    33.50000    34.50000    35.50000    36.50000    37.50000    38.50000    39.50000    40.50000    41.50000    42.50000    43.50000    44.50000    45.50000    46.50000    47.50000    48.50000    49.50000    50.50000    51.50000    52.50000    53.50000    54.50000    55.50000    56.50000    57.50000    58.50000    59.50000    60.50000
    60.50000    59.50000    58.50000    57.50000    56.50000    55.50000    54.50000    53.50000    52.50000    51.50000    50.50000    49.50000    48.50000    47.50000    46.50000    45.50000    44.50000    43.50000    42.50000    41.50000    40.50000    39.50000    38.50000    37.50000    36.50000    35.50000    34.50000    33.50000    32.50000    31.50000    30.50000    29.50000    28.50000    27.50000    26.50000    25.50000    24.50000    23.50000    22.50000    21.50000     7.40000    21.50000    22.50000    23.50000    24.50000    25.50000    26.50000    27.50000    28.50000    29.50000    30.50000    31.50000    32.50000    33.50000    34.50000    35.50000    36.50000    37.50000    38.50000    39.50000    40.50000    41.50000    42.50000    43.50000    44.50000    45.50000    46.50000    47.50000    48.50000    49.50000    50.50000    51.50000    52.50000    53.50000    54.50000    55.50000    56.50000    57.50000    58.50000    59.50000    60.50000
    60.50000    59.50000    58.50000    57.50000    56.50000    55.50000    54.50000    53.50000    52.50000    51.50000    50.50000    49.50000    48.50000    47.50000    46.50000    45.50000    44.50000    43.50000    42.50000    41.50000    40.50000    39.50000    38.50000    37.50000    36.50000    35.50000    34.50000    33.50000    32.50000    31.50000    30.50000    29.50000    28.50000    27.50000    26.50000    25.50000    24.50000    23.50000    22.50000    21.50000     7.80000    21.50000    22.50000    23.50000    24.50000    25.50000    26.50000    27.50000    28.50000    29.50000    30.50000    31.50000    32.50000    33.50000    34.50000    35.50000    36.50000    37.50000    38.50000    39.50000    40.50000    41.50000    42.50000    43.50000    44.50000    45.50000    46.50000    47.50000    48.50000    49.50000    50.50000    51.50000    52.50000    53.50000    54.50000    55.50000    56.50000    57.50000    58.50000    59.50000    60.50000
    60.50000    59.50000    58.50000    57.50000    56.50000    55.50000    54.50000    53.50000    52.50000    51.50000    50.50000    49.50000    48.50000    47.50000    46.50000    45.50000    44.50000    43.50000    42.50000    41.50000    40.50000    39.50000    38.50000    37.50000    36.50000    35.50000    34.50000    33.50000    32.50000    31.50000    30.50000    29.50000    28.50000    27.50000    26.50000    25.50000    24.50000    23.50000    22.50000    21.50000     8.20000    21.50000    22.50000    23.50000    24.50000    25.50000    26.50000    27.50000    28.50000    29.50000    30.50000    31.50000    32.50000    33.50000    34.50000    35.50000    36.50000    37.50000    38.50000    39.50000    40.50000    41.50000    42.50000    43.50000    44.50000    45.50000    46.50000    47.50000    48.50000    49.50000    50.50000    51.50000    52.50000    53.50000    54.50000    55.50000    56.50000    57.50000    58.50000    59.50000    60.50000
    60.50000    59.50000    58.50000    57.50000    56.50000    55.50000    54.50000    53.50000    52.50000    51.50000    50.50000    49.50000    48.50000    47.50000    46.50000    45.50000    44.50000    43.50000    42.50000    41.50000    40.50000    39.50000    38.50000    37.50000    36.50000    35.50000    34.50000    33.50000    32.50000    31.50000    30.50000    29.50000    28.50000    27.50000    26.50000    25.50000    24.50000    23.50000    22.50000    21.50000     8.60000    21.50000    22.50000    23.50000    24.50000    25.50000    26.50000    27.50000    28.50000    29.50000    30.50000    31.50000    32.50000    33.50000    34.50000    35.50000    36.50000    37.50000    38.50000    39.50000    40.50000    41.50000    42.50000    43.50000    44.50000    45.50000    46.50000    47.50000    48.50000    49.50000    50.50000    51.50000    52.50000    53.50000    54.50000    55.50000    56.50000    57.50000    58.50000    59.50000    60.50000
    60.50000    59.50000    58.50000    57.50000    56.50000    55.50000    54.50000    53.50000    52.50000    51.50000    50.50000    49.50000    48.50000    47.50000    46.50000    45.50000    44.50000    43.50000    42.50000    41.50000    40.50000    39.50000    38.50000    37.50000    36.50000    35.50000    34.50000    33.50000    32.50000    31.50000    30.50000    29.50000    28.50000    27.50000    26.50000    25.50000    24.50000    23.50000    22.50000    21.50000     9.00000    21.50000    22.50000    23.50000    24.50000    25.50000    26.50000    27.50000    28.50000    29.50000    30.50000    31.50000    32.50000    33.50000    34.50000    35.50000    36.50000    37.50000    38.50000    39.50000    40.50000    41.50000    42.50000    43.50000    44.50000    45.50000    46.50000    47.50000    48.50000    49.50000    50.50000    51.50000    52.50000    53.50000    54.50000    55.50000    56.50000    57.50000    58.50000    59.50000    60.50000
    60.50000    59.50000    58.50000    57.50000    56.50000    55.50000    54.50000    53.50000    52.50000    51.50000    50.50000    49.50000    48.50000    47.50000    46.50000    45.50000    44.50000    43.50000    42.50000    41.50000    40.50000    39.50000    38.50000    37.50000    36.50000    35.50000    34.50000    33.50000    32.50000    31.50000    30.50000    29.50000    28.50000    27.50000    26.50000    25.50000    24.50000    23.50000    22.50000    21.50000     9.40000    21.50000    22.50000    23.50000    24.50000    25.50000    26.50000    27.50000    28.50000    29.50000    30.50000    31.50000    32.50000    33.50000    34.50000    35.50000    36.50000    37.50000    38.50000    39.50000    40.50000    41.50000    42.50000    43.50000    44.50000    45.50000    46.50000    47.50000    48.50000    49.50000    50.50000    51.50000    52.50000    53.50000    54.50000    55.50000    56.50000    57.50000    58.50000    59.50000    60.50000
    60.50000    59.50000    58.50000    57.50000    56.50000    55.50000    54.50000    53.50000    52.50000    51.50000    50.50000    49.50000    48.50000    47.50000    46.50000    45.50000    44.50000    43.50000    42.50000    41.50000    40.50000    39.50000    38.50000    37.50000    36.50000    35.50000    34.50000    33.50000    32.50000    31.50000    30.50000    29.50000    28.50000    27.50000    26.50000    25.50000    24.50000    23.50000    22.50000    21.50000     9.80000    21.50000    22.50000    23.50000    24.50000    25.50000    26.50000    27.50000    28.50000    29.50000    30.50000    31.50000    32.50000    33.50000    34.50000    35.50000    36.50000    37.50000    38.50000    39.50000    40.50000    41.50000    42.50000    43.50000    44.50000    45.50000    46.50000    47.50000    48.50000    49.50000    50.50000    51.50000    52.50000    53.50000    54.50000    55.50000    56.50000    57.50000    58.50000    59.50000    60.50000
    60.50000    59.50000    58.50000    57.50000    56.50000    55.50000    54.50000    53.50000    52.50000    51.50000    50.50000    49.50000    48.50000    47.50000    46.50000    45.50000    44.50000    43.50000    42.50000    41.50000    40.50000    39.50000    38.50000    37.50000    36.50000    35.50000    34.50000    33.50000    32.50000    31.50000    30.50000    29.50000    28.50000    27.50000    26.50000    25.50000    24.50000    23.50000    22.50000    21.50000    10.20000    21.50000    22.50000    23.50000    24.50000    25.50000    26.50000    27.50000    28.50000    29.50000    30.50000    31.50000    32.50000    33.50000    34.50000    35.50000    36.50000    37.50000    38.50000    39.50000    40.50000    41.50000    42.50000    43.50000    44.50000    45.50000    46.50000    47.50000    48.50000    49.50000    50.50000    51.50000    52.50000    53.50000    54.50000    55.50000    56.50000    57.50000    58.50000    59.50000    60.50000
    60.50000    59.50000    58.50000    57.50000    56.50000    55.50000    54.50000    53.50000    52.50000    51.50000    50.50000    49.50000    48.50000    47.50000    46.50000    45.50000    44.50000    43.50000    42.50000    41.50000    40.50000    39.50000    38.50000    37.50000    36.50000    35.50000    34.50000    33.50000    32.50000    31.50000    30.50000    29.50000    28.50000    27.50000    26.50000    25.50000    24.50000    23.50000    22.50000    21.50000    10.60000    21.50000    22.50000    23.50000    24.50000    25.50000    26.50000    27.50000    28.50000    29.50000    30.50000    31.50000    32.50000    33.50000    34.50000    35.50000    36.50000    37.50000    38.50000    39.50000    40.50000    41.50000    42.50000    43.50000    44.50000    45.50000    46.50000    47.50000    48.50000    49.50000    50.50000    51.50000    52.50000    53.50000    54.50000    55.50000    56.50000    57.50000    58.50000    59.50000    60.50000
    60.50000    59.50000    58.50000    57.50000    56.50000    55.50000    54.50000    53.50000    52.50000    51.50000    50.50000    49.50000    48.50000    47.50000    46.50000    45.50000    44.50000    43.50000    42.50000    41.50000    40.50000    39.50000    38.50000    37.50000    36.50000    35.50000    34.50000    33.50000    32.50000    31.50000    30.50000    29.50000    28.50000    27.50000    26.50000    25.50000    24.50000    23.50000    22.50000    21.50000    11.00000    21.50000    22.50000    23.50000    24.50000    25.50000    26.50000    27.50000    28.50000    29.50000    30.50000    31.50000    32.50000    33.50000    34.50000    35.50000    36.50000    37.50000    38.50000    39.50000    40.50000    41.50000    42.50000    43.50000    44.50000    45.50000    46.50000    47.50000    48.50000    49.50000    50.50000    51.50000    52.50000    53.50000    54.50000    55.50000    56.50000    57.50000    58.50000    59.50000    60.50000
    60.50000    59.50000    58.50000    57.50000    56.50000    55.50000    54.50000    53.50000    52.50000    51.50000    50.50000    49.50000    48.50000    47.50000    46.50000    45.50000    44.50000    43.50000    42.50000    41.50000    40.50000    39.50000    38.50000    37.50000    36.50000    35.50000    34.50000    33.50000    32.50000    31.50000    30.50000    29.50000    28.50000    27.50000    26.50000    25.50000    24.50000    23.50000    22.50000    21.50000    11.40000    21.50000    22.50000    23.50000    24.50000    25.50000    26.50000    27.50000    28.50000    29.50000    30.50000    31.50000    32.50000    33.50000    34.50000    35.50000    36.50000    37.50000    38.50000    39.50000    40.50000    41.50000    42.50000    43.50000    44.50000    45.50000    46.50000    47.50000    48.50000    49.50000    50.50000    51.50000    52.50000    53.50000    54.50000    55.50000    56.50000    57.50000    58.50000    59.50000    60.50000
    60.50000    59.50000    58.50000    57.50000    56.50000    55.50000    54.50000    53.50000    52.50000    51.50000    50.50000    49.50000    48.50000    47.50000    46.50000    45.50000    44.50000    43.50000    42.50000    41.50000    40.50000    39.50000    38.50000    37.50000    36.50000    35.50000    34.50000    33.50000    32.50000    31.50000    30.50000    29.50000    28.50000    27.50000    26.50000    25.50000    24.50000    23.50000    22.50000    21.50000    11.80000    21.50000    22.50000    23.50000    24.50000    25.50000    26.50000    27.50000    28.50000    29.50000    30.50000    31.50000    32.50000    33.50000    34.50000    35.50000    36.50000    37.50000    38.50000    39.50000    40.50000    41.50000    42.50000    43.50000    44.50000    45.50000    46.50000    47.50000    48.50000    49.50000    50.50000    51.50000    52.50000    53.50000    54.50000    55.50000    56.50000    57.50000    58.50000    59.50000    60.50000
    60.50000    59.50000    58.50000    57.50000    56.50000    55.50000    54.50000    53.50000    52.50000    51.50000    50.50000    49.50000    48.50000    47.50000    46.50000    45.50000    44.50000    43.50000    42.50000    41.50000    40.50000    39.50000    38.50000    37.50000    36.50000    35.50000    34.50000    33.50000    32.50000    31.50000    30.50000    29.50000    28.50000    27.50000    26.50000    25.50000    24.50000    23.50000    22.50000    21.50000    12.20000    21.50000    22.50000    23.50000    24.50000    25.50000    26.50000    27.50000    28.50000    29.50000    30.50000    31.50000    32.50000    33.50000    34.50000    35.50000    36.50000    37.50000    38.50000    39.50000    40.50000    41.50000    42.50000    43.50000    44.50000    45.50000    46.50000    47.50000    48.50000    49.50000    50.50000    51.50000    52.50000    53.50000    54.50000    55.50000    56.50000    57.50000    58.50000    59.50000    60.50000
    60.50000    59.50000    58.50000    57.50000    56.50000    55.50000    54.50000    53.50000    52.50000    51.50000    50.50000    49.50000    48.50000    47.50000    46.50000    45.50000    44.50000    43.50000    42.50000    41.50000    40.50000    39.50000    38.50000    37.50000    36.50000    35.50000    34.50000    33.50000    32.50000    31.50000    30.50000    29.50000    28.50000    27.50000    26.50000    25.50000    24.50000    23.50000    22.50000    21.50000    12.60000    21.50000    22.50000    23.50000    24.50000    25.50000    26.50000    27.50000    28.50000    29.50000    30.50000    31.50000    32.50000    33.50000    34.50000    35.50000    36.50000    37.50000    38.50000    39.50000    40.50000    41.50000    42.50000    43.50000    44.50000    45.50000    46.50000    47.50000    48.50000    49.50000    50.50000    51.50000    52.50000    53.50000    54.50000    55.50000    56.50000    57.50000    58.50000    59.50000    60.50000
    60.50000    59.50000    58.50000    57.50000    56.50000    55.50000    54.50000    53.50000    52.50000    51.50000    50.50000    49.50000    48.50000    47.50000    46.50000    45.50000    44.50000    43.50000    42.50000    41.50000    40.50000    39.50000    38.50000    37.50000    36.50000    35.50000    34.50000    33.50000    32.50000    31.50000    30.50000    29.50000    28.50000    27.50000    26.50000    25.50000    24.50000    23.50000    22.50000    21.50000    13.00000    21.50000    22.50000    23.50000    24.50000    25.50000    26.50000    27.50000    28.50000    29.50000    30.50000    31.50000    32.50000    33.50000    34.50000    35.50000    36.50000    37.50000    38.50000    39.50000    40.50000    41.50000    42.50000    43.50000    44.50000    45.50000    46.50000    47.50000    48.50000    49.50000    50.50000    51.50000    52.50000    53.50000    54.50000    55.50000    56.50000    57.50000    58.50000    59.50000    60.50000
    60.50000    59.50000    58.50000    57.50000    56.50000    55.50000    54.50000    53.50000    52.50000    51.50000    50.50000    49.50000    48.50000    47.50000    46.50000    45.50000    44.50000    43.50000    42.50000    41.50000    40.50000    39.50000    38.50000    37.50000    36.50000    35.50000    34.50000    33.50000    32.50000    31.50000    30.50000    29.50000    28.50000    27.50000    26.50000    25.50000    24.50000    23.50000    22.50000    21.50000    13.40000    21.50000    22.50000    23.50000    24.50000    25.50000    26.50000    27.50000    28.50000    29.50000    30.50000    31.50000    32.50000    33.50000    34.50000    35.50000    36.50000    37.50000    38.50000    39.50000    40.50000    41.50000    42.50000    43.50000    44.50000    45.50000    46.50000    47.50000    48.50000    49.50000    50.50000    51.50000    52.50000    53.50000    54.50000    55.50000    56.50000    57.50000    58.50000    59.50000    60.50000
    60.50000    59.50000    58.50000    57.50000    56.50000    55.50000    54.50000    53.50000    52.50000    51.50000    50.50000    49.50000    48.50000    47.50000    46.50000    45.50000    44.50000    43.50000    42.50000    41.50000    40.50000    39.50000    38.50000    37.50000    36.50000    35.50000    34.50000    33.50000    32.50000    31.50000    30.50000    29.50000    28.50000    27.50000    26.50000    25.50000    24.50000    23.50000    22.50000    21.50000    13.80000    21.50000    22.50000    23.50000    24.50000    25.50000    26.50000    27.50000    28.50000    29.50000    30.50000    31.50000    32.50000    33.50000    34.50000    35.50000    36.50000    37.50000    38.50000    39.50000    40.50000    41.50000    42.50000    43.50000    44.50000    45.50000    46.50000    47.50000    48.50000    49.50000    50.50000    51.50000    52.50000    53.50000    54.50000    55.50000    56.50000    57.50000    58.50000    59.50000    60.50000
    60.50000    59.50000    58.50000    57.50000    56.50000    55.50000    54.50000    53.50000    52.50000    51.50000    50.50000    49.50000    48.50000    47.50000    46.50000    45.50000    44.50000    43.50000    42.50000    41.50000    40.50000    39.50000    38.50000    37.50000    36.50000    35.50000    34.50000    33.50000    32.50000    31.50000    30.50000    29.50000    28.50000    27.50000    26.50000    25.50000    24.50000    23.50000    22.50000    21.50000    14.20000    21.50000    22.50000    23.50000    24.50000    25.50000    26.50000    27.50000    28.50000    29.50000    30.50000    31.50000    32.50000    33.50000    34.50000    35.50000    36.50000    37.50000    38.50000    39.50000    40.50000    41.50000    42.50000    43.50000    44.50000    45.50000    46.50000    47.50000    48.50000    49.50000    50.50000    51.50000    52.50000    53.50000    54.50000    55.50000    56.50000    57.50000    58.50000    59.50000    60.50000
    60.50000    59.50000    58.50000    57.50000    56.50000    55.50000    54.50000    53.50000    52.50000    51.50000    50.50000    49.50000    48.50000    47.50000    46.50000    45.50000    44.50000    43.50000    42.50000    41.50000    40.50000    39.50000    38.50000    37.50000    36.50000    35.50000    34.50000    33.50000    32.50000    31.50000    30.50000    29.50000    28.50000    27.50000    26.50000    25.50000    24.50000    23.50000    22.50000    21.50000    14.60000    21.50000    22.50000    23.50000    24.50000    25.50000    26.50000    27.50000    28.50000    29.50000    30.50000    31.50000    32.50000    33.50000    34.50000    35.50000    36.50000    37.50000    38.50000    39.50000    40.50000    41.50000    42.50000    43.50000    44.50000    45.50000    46.50000    47.50000    48.50000    49.50000    50.50000    51.50000    52.50000    53.50000    54.50000    55.50000    56.50000    57.50000    58.50000    59.50000    60.50000
    60.50000    59.50000    58.50000    57.50000    56.50000    55.50000    54.50000    53.50000    52.50000    51.50000    50.50000    49.50000    48.50000    47.50000    46.50000    45.50000    44.50000    43.50000    42.50000    41.50000    40.50000    39.50000    38.50000    37.50000    36.50000    35.50000    34.50000    33.50000    32.50000    31.50000    30.50000    29.50000    28.50000    27.50000    26.50000    25.50000    24.50000    23.50000    22.50000    21.50000    15.00000    21.50000    22.50000    23.50000    24.50000    25.50000    26.50000    27.50000    28.50000    29.50000    30.50000    31.50000    32.50000    33.50000    34.50000    35.50000    36.50000    37.50000    38.50000    39.50000    40.50000    41.50000    42.50000    43.50000    44.50000    45.50000    46.50000    47.50000    48.50000    49.50000    50.50000    51.50000    52.50000    53.50000    54.50000    55.50000    56.50000    57.50000    58.50000    59.50000    60.50000
    60.50000    59.50000    58.50000    57.50000    56.50000    55.50000    54.50000    53.50000    52.50000    51.50000    50.50000    49.50000    48.50000    47.50000    46.50000    45.50000    44.50000    43.50000    42.50000    41.50000    40.50000    39.50000    38.50000    37.50000    36.50000    35.50000    34.50000    33.50000    32.50000    31.50000    30.50000    29.50000    28.50000    27.50000    26.50000    25.50000    24.50000    23.50000    22.50000    21.50000    15.40000    21.50000    22.50000    23.50000    24.50000    25.50000    26.50000    27.50000    28.50000    29.50000    30.50000    31.50000    32.50000    33.50000    34.50000    35.50000    36.50000    37.50000    38.50000    39.50000    40.50000    41.50000    42.50000    43.50000    44.50000    45.50000    46.50000    47.50000    48.50000    49.50000    50.50000    51.50000    52.50000    53.50000    54.50000    55.50000    56.50000    57.50000    58.50000    59.50000    60.50000
    60.50000    59.50000    58.50000    57.50000    56.50000    55.50000    54.50000    53.50000    52.50000    51.50000    50.50000    49.50000    48.50000    47.50000    46.50000    45.50000    44.50000    43.50000    42.50000    41.50000    40.50000    39.50000    38.50000    37.50000    36.50000    35.50000    34.50000    33.50000    32.50000    31.50000    30.50000    29.50000    28.50000    27.50000    26.50000    25.50000    24.50000    23.50000    22.50000    21.50000    15.80000    21.50000    22.50000    23.50000    24.50000    25.50000    26.50000    27.50000    28.50000    29.50000    30.50000    31.50000    32.50000    33.50000    34.50000    35.50000    36.50000    37.50000    38.50000    39.50000    40.50000    41.50000    42.50000    43.50000    44.50000    45.50000    46.50000    47.50000    48.50000    49.50000    50.50000    51.50000    52.50000    53.50000    54.50000    55.50000    56.50000    57.50000    58.50000    59.50000    60.50000
    60.50000    59.50000    58.50000    57.50000    56.50000    55.50000    54.50000    53.50000    52.50000    51.50000    50.50000    49.50000    48.50000    47.50000    46.50000    45.50000    44.50000    43.50000    42.50000    41.50000    40.50000    39.50000    38.50000    37.50000    36.50000    35.50000    34.50000    33.50000    32.50000    31.50000    30.50000    29.50000    28.50000    27.50000    26.50000    25.50000    24.50000    23.50000    22.50000    21.50000    16.20000    21.50000    22.50000    23.50000    24.50000    25.50000    26.50000    27.50000    28.50000    29.50000    30.50000    31.50000    32.50000    33.50000    34.50000    35.50000    36.50000    37.50000    38.50000    39.50000    40.50000    41.50000    42.50000    43.50000    44.50000    45.50000    46.50000    47.50000    48.50000    49.50000    50.50000    51.50000    52.50000    53.50000    54.50000    55.50000    56.50000    57.50000    58.50000    59.50000    60.50000
    60.50000    59.50000    58.50000    57.50000    56.50000    55.50000    54.50000    53.50000    52.50000    51.50000    50.50000    49.50000    48.50000    47.50000    46.50000    45.50000    44.50000    43.50000    42.50000    41.50000    40.50000    39.50000    38.50000    37.50000    36.50000    35.50000    34.50000    33.50000    32.50000    31.50000    30.50000    29.50000    28.50000    27.50000    26.50000    25.50000    24.50000    23.50000    22.50000    21.50000    16.60000    21.50000    22.50000    23.50000    24.50000    25.50000    26.50000    27.50000    28.50000    29.50000    30.50000    31.50000    32.50000    33.50000    34.50000    35.50000    36.50000    37.50000    38.50000    39.50000    40.50000    41.50000    42.50000    43.50000    44.50000    45.50000    46.50000    47.50000    48.50000    49.50000    50.50000    51.50000    52.50000    53.50000    54.50000    55.50000    56.50000    57.50000    58.50000    59.50000    60.50000
    60.50000    59.50000    58.50000    57.50000    56.50000    55.50000    54.50000    53.50000    52.50000    51.50000    50.50000    49.50000    48.50000    47.50000    46.50000    45.50000    44.50000    43.50000    42.50000    41.50000    40.50000    39.50000    38.50000    37.50000    36.50000    35.50000    34.50000    33.50000    32.50000    31.50000    30.50000    29.50000    28.50000    27.50000    26.50000    25.50000    24.50000    23.50000    22.50000    21.50000    17.00000    21.50000    22.50000    23.50000    24.50000    25.50000    26.50000    27.50000    28.50000    29.50000    30.50000    31.50000    32.50000    33.50000    34.50000    35.50000    36.50000    37.50000    38.50000    39.50000    40.50000    41.50000    42.50000    43.50000    44.50000    45.50000    46.50000    47.50000    48.50000    49.50000    50.50000    51.50000    52.50000    53.50000    54.50000    55.50000    56.50000    57.50000    58.50000    59.50000    60.50000
    60.50000    59.50000    58.50000    57.50000    56.50000    55.50000    54.50000    53.50000    52.50000    51.50000    50.50000    49.50000    48.50000    47.50000    46.50000    45.50000    44.50000    43.50000    42.50000    41.50000    40.50000    39.50000    38.50000    37.50000    36.50000    35.50000    34.50000    33.50000    32.50000    31.50000    30.50000    29.50000    28.50000    27.50000    26.50000    25.50000    24.50000    23.50000    22.50000    21.50000    17.40000    21.50000    22.50000    23.50000    24.50000    25.50000    26.50000    27.50000    28.50000    29.50000    30.50000    31.50000    32.50000    33.50000    34.50000    35.50000    36.50000    37.50000    38.50000    39.50000    40.50000    41.50000    42.50000    43.50000    44.50000    45.50000    46.50000    47.50000    48.50000    49.50000    50.50000    51.50000    52.50000    53.50000    54.50000    55.50000    56.50000    57.50000    58.50000    59.50000    60.50000
    60.50000    59.50000    58.50000    57.50000    56.50000    55.50000    54.50000    53.50000    52.50000    51.50000    50.50000    49.50000    48.50000    47.50000    46.50000    45.50000    44.50000    43.50000    42.50000    41.50000    40.50000    39.50000    38.50000    37.50000    36.50000    35.50000    34.50000    33.50000    32.50000    31.50000    30.50000    29.50000    28.50000    27.50000    26.50000    25.50000    24.50000    23.50000    22.50000    21.50000    17.80000    21.50000    22.50000    23.50000    24.50000    25.50000    26.50000    27.50000    28.50000    29.50000    30.50000    31.50000    32.50000    33.50000    34.50000    35.50000    36.50000    37.50000    38.50000    39.50000    40.50000    41.50000    42.50000    43.50000    44.50000    45.50000    46.50000    47.50000    48.50000    49.50000    50.50000    51.50000    52.50000    53.50000    54.50000    55.50000    56.50000    57.50000    58.50000    59.50000    60.50000
    60.50000    59.50000    58.50000    57.50000    56.50000    55.50000    54.50000    53.50000    52.50000    51.50000    50.50000    49.50000    48.50000    47.50000    46.50000    45.50000    44.50000    43.50000    42.50000    41.50000    40.50000    39.50000    38.50000    37.50000    36.50000    35.50000    34.50000    33.50000    32.50000    31.50000    30.50000    29.50000    28.50000    27.50000    26.50000    25.50000    24.50000    23.50000    22.50000    21.50000    18.20000    21.50000    22.50000    23.50000    24.50000    25.50000    26.50000    27.50000    28.50000    29.50000    30.50000    31.50000    32.50000    33.50000    34.50000    35.50000    36.50000    37.50000    38.50000    39.50000    40.50000    41.50000    42.50000    43.50000    44.50000    45.50000    46.50000    47.50000    48.50000    49.50000    50.50000    51.50000    52.50000    53.50000    54.50000    55.50000    56.50000    57.50000    58.50000    59.50000    60.50000
    60.50000    59.50000    58.50000    57.50000    56.50000    55.50000    54.50000    53.50000    52.50000    51.50000    50.50000    49.50000    48.50000    47.50000    46.50000    45.50000    44.50000    43.50000    42.50000    41.50000    40.50000    39.50000    38.50000    37.50000    36.50000    35.50000    34.50000    33.50000    32.50000    31.50000    30.50000    29.50000    28.50000    27.50000    26.50000    25.50000    24.50000    23.50000    22.50000    21.50000    18.60000    21.50000    22.50000    23.50000    24.50000    25.50000    26.50000    27.50000    28.50000    29.50000    30.50000    31.50000    32.50000    33.50000    34.50000    35.50000    36.50000    37.50000    38.50000    39.50000    40.50000    41.50000    42.50000    43.50000    44.50000    45.50000    46.50000    47.50000    48.50000    49.50000    50.50000    51.50000    52.50000    53.50000    54.50000    55.50000    56.50000    57.50000    58.50000    59.50000    60.50000
    60.50000    59.50000    58.50000    57.50000    56.50000    55.50000    54.50000    53.50000    52.50000    51.50000    50.50000    49.50000    48.50000    47.50000    46.50000    45.50000    44.50000    43.50000    42.50000    41.50000    40.50000    39.50000    38.50000    37.50000    36.50000    35.50000    34.50000    33.50000    32.50000    31.50000    30.50000    29.50000    28.50000    27.50000    26.50000    25.50000    24.50000    23.50000    22.50000    21.50000    19.00000    21.50000    22.50000    23.50000    24.50000    25.50000    26.50000    27.50000    28.50000    29.50000    30.50000    31.50000    32.50000    33.50000    34.50000    35.50000    36.50000    37.50000    38.50000    39.50000    40.50000    41.50000    42.50000    43.50000    44.50000    45.50000    46.50000    47.50000    48.50000    49.50000    50.50000    51.50000    52.50000    53.50000    54.50000    55.50000    56.50000    57.50000    58.50000    59.50000    60.50000
    60.50000    59.50000    58.50000    57.50000    56.50000    55.50000    54.50000    53.50000    52.50000    51.50000    50.50000    49.50000    48.50000    47.50000    46.50000    45.50000    44.50000    43.50000    42.50000    41.50000    40.50000    39.50000    38.50000    37.50000    36.50000    35.50000    34.50000    33.50000    32.50000    31.50000    30.50000    29.50000    28.50000    27.50000    26.50000    25.50000    24.50000    23.50000    22.50000    21.50000    19.40000    21.50000    22.50000    23.50000    24.50000    25.50000    26.50000    27.50000    28.50000    29.50000    30.50000    31.50000    32.50000    33.50000    34.50000    35.50000    36.50000    37.50000    38.50000    39.50000    40.50000    41.50000    42.50000    43.50000    44.50000    45.50000    46.50000    47.50000    48.50000    49.50000    50.50000    51.50000    52.50000    53.50000    54.50000    55.50000    56.50000    57.50000    58.50000    59.50000    60.50000
    60.50000    59.50000    58.50000    57.50000    56.50000    55.50000    54.50000    53.50000    52.50000    51.50000    50.50000    49.50000    48.50000    47.50000    46.50000    45.50000    44.50000    43.50000    42.50000    41.50000    40.50000    39.50000    38.50000    37.50000    36.50000    35.50000    34.50000    33.50000    32.50000    31.50000    30.50000    29.50000    28.50000    27.50000    26.50000    25.50000    24.50000    23.50000    22.50000    21.50000    19.80000    21.50000    22.50000    23.50000    24.50000    25.50000    26.50000    27.50000    28.50000    29.50000    30.50000    31.50000    32.50000    33.50000    34.50000    35.50000    36.50000    37.50000    38.50000    39.50000    40.50000    41.50000    42.50000    43.50000    44.50000    45.50000    46.50000    47.50000    48.50000    49.50000    50.50000    51.50000    52.50000    53.50000    54.50000    55.50000    56.50000    57.50000    58.50000    59.50000    60.50000
