   0.150   0.150   0.150   0.150   0.150   0.150   0.150   0.150   0.150   0.150   0.150   0.150   0.150   0.150   0.150   0.150   0.150   0.150   0.150   0.150   0.150   0.150   0.150   0.150   0.150   0.150   0.150   0.150   0.150   0.150   0.150   0.150   0.150   0.150   0.150   0.150   0.150   0.150   0.150   0.150   0.150   0.150   0.150   0.150   0.150   0.150   0.150   0.150   0.150   0.150   0.150   0.150   0.150   0.150   0.150   0.150   0.150   0.150   0.150   0.150   0.150   0.150   0.150   0.150   0.150   0.150   0.150   0.150   0.150   0.150   0.150   0.150   0.150   0.150   0.150   0.150   0.150   0.150   0.150   0.150   0.150
   0.150   0.150   0.150   0.150   0.150   0.150   0.150   0.150   0.150   0.150   0.150   0.150   0.150   0.150   0.150   0.150   0.150   0.150   0.150   0.150   0.150   0.150   0.150   0.150   0.150   0.150   0.150   0.150   0.150   0.150   0.150   0.150   0.150   0.150   0.150   0.150   0.150   0.150   0.150   0.150   0.150   0.150   0.150   0.150   0.150   0.150   0.150   0.150   0.150   0.150   0.150   0.150   0.150   0.150   0.150   0.150   0.150   0.150   0.150   0.150   0.150   0.150   0.150   0.150   0.150   0.150   0.150   0.150   0.150   0.150   0.150   0.150   0.150   0.150   0.150   0.150   0.150   0.150   0.150   0.150   0.150
   0.150   0.150   0.150   0.150   0.150   0.150   0.150   0.150   0.150   0.150   0.150   0.150   0.150   0.150   0.150   0.150   0.150   0.150   0.150   0.150   0.150   0.150   0.150   0.150   0.150   0.150   0.150   0.150   0.150   0.150   0.150   0.150   0.150   0.150   0.150   0.150   0.150   0.150   0.150   0.150   0.150   0.150   0.150   0.150   0.150   0.150   0.150   0.150   0.150   0.150   0.150   0.150   0.150   0.150   0.150   0.150   0.150   0.150   0.150   0.150   0.150   0.150   0.150   0.150   0.150   0.150   0.150   0.150   0.150   0.150   0.150   0.150   0.150   0.150   0.150   0.150   0.150   0.150   0.150   0.150   0.150
   0.150   0.150   0.150   0.150   0.150   0.150   0.150   0.150   0.150   0.150   0.150   0.150   0.150   0.150   0.150   0.150   0.150   0.150   0.150   0.150   0.150   0.150   0.150   0.150   0.150   0.150   0.150   0.150   0.150   0.150   0.150   0.150   0.150   0.150   0.150   0.150   0.150   0.150   0.150   0.150   0.150   0.150   0.150   0.150   0.150   0.150   0.150   0.150   0.150   0.150   0.150   0.150   0.150   0.150   0.150   0.150   0.150   0.150   0.150   0.150   0.150   0.150   0.150   0.150   0.150   0.150   0.150   0.150   0.150   0.150   0.150   0.150   0.150   0.150   0.150   0.150   0.150   0.150   0.150   0.150   0.150
   0.150   0.150   0.150   0.150   0.150   0.150   0.150   0.150   0.150   0.150   0.150   0.150   0.150   0.150   0.150   0.150   0.150   0.150   0.150   0.150   0.150   0.150   0.150   0.150   0.150   0.150   0.150   0.150   0.150   0.150   0.150   0.150   0.150   0.150   0.150   0.150   0.150   0.150   0.150   0.150   0.150   0.150   0.150   0.150   0.150   0.150   0.150   0.150   0.150   0.150   0.150   0.150   0.150   0.150   0.150   0.150   0.150   0.150   0.150   0.150   0.150   0.150   0.150   0.150   0.150   0.150   0.150   0.150   0.150   0.150   0.150   0.150   0.150   0.150   0.150   0.150   0.150   0.150   0.150   0.150   0.150
   0.150   0.150   0.150   0.150   0.150   0.150   0.150   0.150   0.150   0.150   0.150   0.150   0.150   0.150   0.150   0.150   0.150   0.150   0.150   0.150   0.150   0.150   0.150   0.150   0.150   0.150   0.150   0.150   0.150   0.150   0.150   0.150   0.150   0.150   0.150   0.150   0.150   0.150   0.150   0.150   0.150   0.150   0.150   0.150   0.150   0.150   0.150   0.150   0.150   0.150   0.150   0.150   0.150   0.150   0.150   0.150   0.150   0.150   0.150   0.150   0.150   0.150   0.150   0.150   0.150   0.150   0.150   0.150   0.150   0.150   0.150   0.150   0.150   0.150   0.150   0.150   0.150   0.150   0.150   0.150   0.150
   0.150   0.150   0.150   0.150   0.150   0.150   0.150   0.150   0.150   0.150   0.150   0.150   0.150   0.150   0.150   0.150   0.150   0.150   0.150   0.150   0.150   0.150   0.150   0.150   0.150   0.150   0.150   0.150   0.150   0.150   0.150   0.150   0.150   0.150   0.150   0.150   0.150   0.150   0.150   0.150   0.150   0.150   0.150   0.150   0.150   0.150   0.150   0.150   0.150   0.150   0.150   0.150   0.150   0.150   0.150   0.150   0.150   0.150   0.150   0.150   0.150   0.150   0.150   0.150   0.150   0.150   0.150   0.150   0.150   0.150   0.150   0.150   0.150   0.150   0.150   0.150   0.150   0.150   0.150   0.150   0.150
   0.150   0.150   0.150   0.150   0.150   0.150   0.150   0.150   0.150   0.150   0.150   0.150   0.150   0.150   0.150   0.150   0.150   0.150   0.150   0.150   0.150   0.150   0.150   0.150   0.150   0.150   0.150   0.150   0.150   0.150   0.150   0.150   0.150   0.150   0.150   0.150   0.150   0.150   0.150   0.150   0.150   0.150   0.150   0.150   0.150   0.150   0.150   0.150   0.150   0.150   0.150   0.150   0.150   0.150   0.150   0.150   0.150   0.150   0.150   0.150   0.150   0.150   0.150   0.150   0.150   0.150   0.150   0.150   0.150   0.150   0.150   0.150   0.150   0.150   0.150   0.150   0.150   0.150   0.150   0.150   0.150
   0.150   0.150   0.150   0.150   0.150   0.150   0.150   0.150   0.150   0.150   0.150   0.150   0.150   0.150   0.150   0.150   0.150   0.150   0.150   0.150   0.150   0.150   0.150   0.150   0.150   0.150   0.150   0.150   0.150   0.150   0.150   0.150   0.150   0.150   0.150   0.150   0.150   0.150   0.150   0.150   0.150   0.150   0.150   0.150   0.150   0.150   0.150   0.150   0.150   0.150   0.150   0.150   0.150   0.150   0.150   0.150   0.150   0.150   0.150   0.150   0.150   0.150   0.150   0.150   0.150   0.150   0.150   0.150   0.150   0.150   0.150   0.150   0.150   0.150   0.150   0.150   0.150   0.150   0.150   0.150   0.150
   0.150   0.150   0.150   0.150   0.150   0.150   0.150   0.150   0.150   0.150   0.150   0.150   0.150   0.150   0.150   0.150   0.150   0.150   0.150   0.150   0.150   0.150   0.150   0.150   0.150   0.150   0.150   0.150   0.150   0.150   0.150   0.150   0.150   0.150   0.150   0.150   0.150   0.150   0.150   0.150   0.150   0.150   0.150   0.150   0.150   0.150   0.150   0.150   0.150   0.150   0.150   0.150   0.150   0.150   0.150   0.150   0.150   0.150   0.150   0.150   0.150   0.150   0.150   0.150   0.150   0.150   0.150   0.150   0.150   0.150   0.150   0.150   0.150   0.150   0.150   0.150   0.150   0.150   0.150   0.150   0.150
   0.150   0.150   0.150   0.150   0.150   0.150   0.150   0.150   0.150   0.150   0.150   0.150   0.150   0.150   0.150   0.150   0.150   0.150   0.150   0.150   0.150   0.150   0.150   0.150   0.150   0.150   0.150   0.150   0.150   0.150   0.150   0.150   0.150   0.150   0.150   0.150   0.150   0.150   0.150   0.150   0.150   0.150   0.150   0.150   0.150   0.150   0.150   0.150   0.150   0.150   0.150   0.150   0.150   0.150   0.150   0.150   0.150   0.150   0.150   0.150   0.150   0.150   0.150   0.150   0.150   0.150   0.150   0.150   0.150   0.150   0.150   0.150   0.150   0.150   0.150   0.150   0.150   0.150   0.150   0.150   0.150
   0.150   0.150   0.150   0.150   0.150   0.150   0.150   0.150   0.150   0.150   0.150   0.150   0.150   0.150   0.150   0.150   0.150   0.150   0.150   0.150   0.150   0.150   0.150   0.150   0.150   0.150   0.150   0.150   0.150   0.150   0.150   0.150   0.150   0.150   0.150   0.150   0.150   0.150   0.150   0.150   0.150   0.150   0.150   0.150   0.150   0.150   0.150   0.150   0.150   0.150   0.150   0.150   0.150   0.150   0.150   0.150   0.150   0.150   0.150   0.150   0.150   0.150   0.150   0.150   0.150   0.150   0.150   0.150   0.150   0.150   0.150   0.150   0.150   0.150   0.150   0.150   0.150   0.150   0.150   0.150   0.150
   0.150   0.150   0.150   0.150   0.150   0.150   0.150   0.150   0.150   0.150   0.150   0.150   0.150   0.150   0.150   0.150   0.150   0.150   0.150   0.150   0.150   0.150   0.150   0.150   0.150   0.150   0.150   0.150   0.150   0.150   0.150   0.150   0.150   0.150   0.150   0.150   0.150   0.150   0.150   0.150   0.150   0.150   0.150   0.150   0.150   0.150   0.150   0.150   0.150   0.150   0.150   0.150   0.150   0.150   0.150   0.150   0.150   0.150   0.150   0.150   0.150   0.150   0.150   0.150   0.150   0.150   0.150   0.150   0.150   0.150   0.150   0.150   0.150   0.150   0.150   0.150   0.150   0.150   0.150   0.150   0.150
   0.150   0.150   0.150   0.150   0.150   0.150   0.150   0.150   0.150   0.150   0.150   0.150   0.150   0.150   0.150   0.150   0.150   0.150   0.150   0.150   0.150   0.150   0.150   0.150   0.150   0.150   0.150   0.150   0.150   0.150   0.150   0.150   0.150   0.150   0.150   0.150   0.150   0.150   0.150   0.150   0.150   0.150   0.150   0.150   0.150   0.150   0.150   0.150   0.150   0.150   0.150   0.150   0.150   0.150   0.150   0.150   0.150   0.150   0.150   0.150   0.150   0.150   0.150   0.150   0.150   0.150   0.150   0.150   0.150   0.150   0.150   0.150   0.150   0.150   0.150   0.150   0.150   0.150   0.150   0.150   0.150
   0.150   0.150   0.150   0.150   0.150   0.150   0.150   0.150   0.150   0.150   0.150   0.150   0.150   0.150   0.150   0.150   0.150   0.150   0.150   0.150   0.150   0.150   0.150   0.150   0.150   0.150   0.150   0.150   0.150   0.150   0.150   0.150   0.150   0.150   0.150   0.150   0.150   0.150   0.150   0.150   0.150   0.150   0.150   0.150   0.150   0.150   0.150   0.150   0.150   0.150   0.150   0.150   0.150   0.150   0.150   0.150   0.150   0.150   0.150   0.150   0.150   0.150   0.150   0.150   0.150   0.150   0.150   0.150   0.150   0.150   0.150   0.150   0.150   0.150   0.150   0.150   0.150   0.150   0.150   0.150   0.150
   0.015   0.015   0.015   0.015   0.015   0.015   0.015   0.015   0.015   0.015   0.015   0.015   0.015   0.015   0.015   0.015   0.015   0.015   0.015   0.015   0.015   0.015   0.015   0.015   0.015   0.015   0.015   0.015   0.015   0.015   0.015   0.015   0.015   0.015   0.015   0.015   0.015   0.015   0.015   0.015   0.150   0.015   0.015   0.015   0.015   0.015   0.015   0.015   0.015   0.015   0.015   0.015   0.015   0.015   0.015   0.015   0.015   0.015   0.015   0.015   0.015   0.015   0.015   0.015   0.015   0.015   0.015   0.015   0.015   0.015   0.015   0.015   0.015   0.015   0.015   0.015   0.015   0.015   0.015   0.015   0.015
   0.015   0.015   0.015   0.015   0.015   0.015   0.015   0.015   0.015   0.015   0.015   0.015   0.015   0.015   0.015   0.015   0.015   0.015   0.015   0.015   0.015   0.015   0.015   0.015   0.015   0.015   0.015   0.015   0.015   0.015   0.015   0.015   0.015   0.015   0.015   0.015   0.015   0.015   0.015   0.015   0.150   0.015   0.015   0.015   0.015   0.015   0.015   0.015   0.015   0.015   0.015   0.015   0.015   0.015   0.015   0.015   0.015   0.015   0.015   0.015   0.015   0.015   0.015   0.015   0.015   0.015   0.015   0.015   0.015   0.015   0.015   0.015   0.015   0.015   0.015   0.015   0.015   0.015   0.015   0.015   0.015
   0.015   0.015   0.015   0.015   0.015   0.015   0.015   0.015   0.015   0.015   0.015   0.015   0.015   0.015   0.015   0.015   0.015   0.015   0.015   0.015   0.015   0.015   0.015   0.015   0.015   0.015   0.015   0.015   0.015   0.015   0.015   0.015   0.015   0.015   0.015   0.015   0.015   0.015   0.015   0.015   0.150   0.015   0.015   0.015   0.015   0.015   0.015   0.015   0.015   0.015   0.015   0.015   0.015   0.015   0.015   0.015   0.015   0.015   0.015   0.015   0.015   0.015   0.015   0.015   0.015   0.015   0.015   0.015   0.015   0.015   0.015   0.015   0.015   0.015   0.015   0.015   0.015   0.015   0.015   0.015   0.015
   0.015   0.015   0.015   0.015   0.015   0.015   0.015   0.015   0.015   0.015   0.015   0.015   0.015   0.015   0.015   0.015   0.015   0.015   0.015   0.015   0.015   0.015   0.015   0.015   0.015   0.015   0.015   0.015   0.015   0.015   0.015   0.015   0.015   0.015   0.015   0.015   0.015   0.015   0.015   0.015   0.150   0.015   0.015   0.015   0.015   0.015   0.015   0.015   0.015   0.015   0.015   0.015   0.015   0.015   0.015   0.015   0.015   0.015   0.015   0.015   0.015   0.015   0.015   0.015   0.015   0.015   0.015   0.015   0.015   0.015   0.015   0.015   0.015   0.015   0.015   0.015   0.015   0.015   0.015   0.015   0.015
   0.015   0.015   0.015   0.015   0.015   0.015   0.015   0.015   0.015   0.015   0.015   0.015   0.015   0.015   0.015   0.015   0.015   0.015   0.015   0.015   0.015   0.015   0.015   0.015   0.015   0.015   0.015   0.015   0.015   0.015   0.015   0.015   0.015   0.015   0.015   0.015   0.015   0.015   0.015   0.015   0.150   0.015   0.015   0.015   0.015   0.015   0.015   0.015   0.015   0.015   0.015   0.015   0.015   0.015   0.015   0.015   0.015   0.015   0.015   0.015   0.015   0.015   0.015   0.015   0.015   0.015   0.015   0.015   0.015   0.015   0.015   0.015   0.015   0.015   0.015   0.015   0.015   0.015   0.015   0.015   0.015
   0.015   0.015   0.015   0.015   0.015   0.015   0.015   0.015   0.015   0.015   0.015   0.015   0.015   0.015   0.015   0.015   0.015   0.015   0.015   0.015   0.015   0.015   0.015   0.015   0.015   0.015   0.015   0.015   0.015   0.015   0.015   0.015   0.015   0.015   0.015   0.015   0.015   0.015   0.015   0.015   0.150   0.015   0.015   0.015   0.015   0.015   0.015   0.015   0.015   0.015   0.015   0.015   0.015   0.015   0.015   0.015   0.015   0.015   0.015   0.015   0.015   0.015   0.015   0.015   0.015   0.015   0.015   0.015   0.015   0.015   0.015   0.015   0.015   0.015   0.015   0.015   0.015   0.015   0.015   0.015   0.015
   0.015   0.015   0.015   0.015   0.015   0.015   0.015   0.015   0.015   0.015   0.015   0.015   0.015   0.015   0.015   0.015   0.015   0.015   0.015   0.015   0.015   0.015   0.015   0.015   0.015   0.015   0.015   0.015   0.015   0.015   0.015   0.015   0.015   0.015   0.015   0.015   0.015   0.015   0.015   0.015   0.150   0.015   0.015   0.015   0.015   0.015   0.015   0.015   0.015   0.015   0.015   0.015   0.015   0.015   0.015   0.015   0.015   0.015   0.015   0.015   0.015   0.015   0.015   0.015   0.015   0.015   0.015   0.015   0.015   0.015   0.015   0.015   0.015   0.015   0.015   0.015   0.015   0.015   0.015   0.015   0.015
   0.015   0.015   0.015   0.015   0.015   0.015   0.015   0.015   0.015   0.015   0.015   0.015   0.015   0.015   0.015   0.015   0.015   0.015   0.015   0.015   0.015   0.015   0.015   0.015   0.015   0.015   0.015   0.015   0.015   0.015   0.015   0.015   0.015   0.015   0.015   0.015   0.015   0.015   0.015   0.015   0.150   0.015   0.015   0.015   0.015   0.015   0.015   0.015   0.015   0.015   0.015   0.015   0.015   0.015   0.015   0.015   0.015   0.015   0.015   0.015   0.015   0.015   0.015   0.015   0.015   0.015   0.015   0.015   0.015   0.015   0.015   0.015   0.015   0.015   0.015   0.015   0.015   0.015   0.015   0.015   0.015
   0.015   0.015   0.015   0.015   0.015   0.015   0.015   0.015   0.015   0.015   0.015   0.015   0.015   0.015   0.015   0.015   0.015   0.015   0.015   0.015   0.015   0.015   0.015   0.015   0.015   0.015   0.015   0.015   0.015   0.015   0.015   0.015   0.015   0.015   0.015   0.015   0.015   0.015   0.015   0.015   0.150   0.015   0.015   0.015   0.015   0.015   0.015   0.015   0.015   0.015   0.015   0.015   0.015   0.015   0.015   0.015   0.015   0.015   0.015   0.015   0.015   0.015   0.015   0.015   0.015   0.015   0.015   0.015   0.015   0.015   0.015   0.015   0.015   0.015   0.015   0.015   0.015   0.015   0.015   0.015   0.015
   0.015   0.015   0.015   0.015   0.015   0.015   0.015   0.015   0.015   0.015   0.015   0.015   0.015   0.015   0.015   0.015   0.015   0.015   0.015   0.015   0.015   0.015   0.015   0.015   0.015   0.015   0.015   0.015   0.015   0.015   0.015   0.015   0.015   0.015   0.015   0.015   0.015   0.015   0.015   0.015   0.150   0.015   0.015   0.015   0.015   0.015   0.015   0.015   0.015   0.015   0.015   0.015   0.015   0.015   0.015   0.015   0.015   0.015   0.015   0.015   0.015   0.015   0.015   0.015   0.015   0.015   0.015   0.015   0.015   0.015   0.015   0.015   0.015   0.015   0.015   0.015   0.015   0.015   0.015   0.015   0.015
   0.015   0.015   0.015   0.015   0.015   0.015   0.015   0.015   0.015   0.015   0.015   0.015   0.015   0.015   0.015   0.015   0.015   0.015   0.015   0.015   0.015   0.015   0.015   0.015   0.015   0.015   0.015   0.015   0.015   0.015   0.015   0.015   0.015   0.015   0.015   0.015   0.015   0.015   0.015   0.015   0.150   0.015   0.015   0.015   0.015   0.015   0.015   0.015   0.015   0.015   0.015   0.015   0.015   0.015   0.015   0.015   0.015   0.015   0.015   0.015   0.015   0.015   0.015   0.015   0.015   0.015   0.015   0.015   0.015   0.015   0.015   0.015   0.015   0.015   0.015   0.015   0.015   0.015   0.015   0.015   0.015
   0.015   0.015   0.015   0.015   0.015   0.015   0.015   0.015   0.015   0.015   0.015   0.015   0.015   0.015   0.015   0.015   0.015   0.015   0.015   0.015   0.015   0.015   0.015   0.015   0.015   0.015   0.015   0.015   0.015   0.015   0.015   0.015   0.015   0.015   0.015   0.015   0.015   0.015   0.015   0.015   0.150   0.015   0.015   0.015   0.015   0.015   0.015   0.015   0.015   0.015   0.015   0.015   0.015   0.015   0.015   0.015   0.015   0.015   0.015   0.015   0.015   0.015   0.015   0.015   0.015   0.015   0.015   0.015   0.015   0.015   0.015   0.015   0.015   0.015   0.015   0.015   0.015   0.015   0.015   0.015   0.015
   0.015   0.015   0.015   0.015   0.015   0.015   0.015   0.015   0.015   0.015   0.015   0.015   0.015   0.015   0.015   0.015   0.015   0.015   0.015   0.015   0.015   0.015   0.015   0.015   0.015   0.015   0.015   0.015   0.015   0.015   0.015   0.015   0.015   0.015   0.015   0.015   0.015   0.015   0.015   0.015   0.150   0.015   0.015   0.015   0.015   0.015   0.015   0.015   0.015   0.015   0.015   0.015   0.015   0.015   0.015   0.015   0.015   0.015   0.015   0.015   0.015   0.015   0.015   0.015   0.015   0.015   0.015   0.015   0.015   0.015   0.015   0.015   0.015   0.015   0.015   0.015   0.015   0.015   0.015   0.015   0.015
   0.015   0.015   0.015   0.015   0.015   0.015   0.015   0.015   0.015   0.015   0.015   0.015   0.015   0.015   0.015   0.015   0.015   0.015   0.015   0.015   0.015   0.015   0.015   0.015   0.015   0.015   0.015   0.015   0.015   0.015   0.015   0.015   0.015   0.015   0.015   0.015   0.015   0.015   0.015   0.015   0.150   0.015   0.015   0.015   0.015   0.015   0.015   0.015   0.015   0.015   0.015   0.015   0.015   0.015   0.015   0.015   0.015   0.015   0.015   0.015   0.015   0.015   0.015   0.015   0.015   0.015   0.015   0.015   0.015   0.015   0.015   0.015   0.015   0.015   0.015   0.015   0.015   0.015   0.015   0.015   0.015
   0.015   0.015   0.015   0.015   0.015   0.015   0.015   0.015   0.015   0.015   0.015   0.015   0.015   0.015   0.015   0.015   0.015   0.015   0.015   0.015   0.015   0.015   0.015   0.015   0.015   0.015   0.015   0.015   0.015   0.015   0.015   0.015   0.015   0.015   0.015   0.015   0.015   0.015   0.015   0.015   0.150   0.015   0.015   0.015   0.015   0.015   0.015   0.015   0.015   0.015   0.015   0.015   0.015   0.015   0.015   0.015   0.015   0.015   0.015   0.015   0.015   0.015   0.015   0.015   0.015   0.015   0.015   0.015   0.015   0.015   0.015   0.015   0.015   0.015   0.015   0.015   0.015   0.015   0.015   0.015   0.015
   0.015   0.015   0.015   0.015   0.015   0.015   0.015   0.015   0.015   0.015   0.015   0.015   0.015   0.015   0.015   0.015   0.015   0.015   0.015   0.015   0.015   0.015   0.015   0.015   0.015   0.015   0.015   0.015   0.015   0.015   0.015   0.015   0.015   0.015   0.015   0.015   0.015   0.015   0.015   0.015   0.150   0.015   0.015   0.015   0.015   0.015   0.015   0.015   0.015   0.015   0.015   0.015   0.015   0.015   0.015   0.015   0.015   0.015   0.015   0.015   0.015   0.015   0.015   0.015   0.015   0.015   0.015   0.015   0.015   0.015   0.015   0.015   0.015   0.015   0.015   0.015   0.015   0.015   0.015   0.015   0.015
   0.015   0.015   0.015   0.015   0.015   0.015   0.015   0.015   0.015   0.015   0.015   0.015   0.015   0.015   0.015   0.015   0.015   0.015   0.015   0.015   0.015   0.015   0.015   0.015   0.015   0.015   0.015   0.015   0.015   0.015   0.015   0.015   0.015   0.015   0.015   0.015   0.015   0.015   0.015   0.015   0.150   0.015   0.015   0.015   0.015   0.015   0.015   0.015   0.015   0.015   0.015   0.015   0.015   0.015   0.015   0.015   0.015   0.015   0.015   0.015   0.015   0.015   0.015   0.015   0.015   0.015   0.015   0.015   0.015   0.015   0.015   0.015   0.015   0.015   0.015   0.015   0.015   0.015   0.015   0.015   0.015
   0.015   0.015   0.015   0.015   0.015   0.015   0.015   0.015   0.015   0.015   0.015   0.015   0.015   0.015   0.015   0.015   0.015   0.015   0.015   0.015   0.015   0.015   0.015   0.015   0.015   0.015   0.015   0.015   0.015   0.015   0.015   0.015   0.015   0.015   0.015   0.015   0.015   0.015   0.015   0.015   0.150   0.015   0.015   0.015   0.015   0.015   0.015   0.015   0.015   0.015   0.015   0.015   0.015   0.015   0.015   0.015   0.015   0.015   0.015   0.015   0.015   0.015   0.015   0.015   0.015   0.015   0.015   0.015   0.015   0.015   0.015   0.015   0.015   0.015   0.015   0.015   0.015   0.015   0.015   0.015   0.015
   0.015   0.015   0.015   0.015   0.015   0.015   0.015   0.015   0.015   0.015   0.015   0.015   0.015   0.015   0.015   0.015   0.015   0.015   0.015   0.015   0.015   0.015   0.015   0.015   0.015   0.015   0.015   0.015   0.015   0.015   0.015   0.015   0.015   0.015   0.015   0.015   0.015   0.015   0.015   0.015   0.150   0.015   0.015   0.015   0.015   0.015   0.015   0.015   0.015   0.015   0.015   0.015   0.015   0.015   0.015   0.015   0.015   0.015   0.015   0.015   0.015   0.015   0.015   0.015   0.015   0.015   0.015   0.015   0.015   0.015   0.015   0.015   0.015   0.015   0.015   0.015   0.015   0.015   0.015   0.015   0.015
   0.015   0.015   0.015   0.015   0.015   0.015   0.015   0.015   0.015   0.015   0.015   0.015   0.015   0.015   0.015   0.015   0.015   0.015   0.015   0.015   0.015   0.015   0.015   0.015   0.015   0.015   0.015   0.015   0.015   0.015   0.015   0.015   0.015   0.015   0.015   0.015   0.015   0.015   0.015   0.015   0.150   0.015   0.015   0.015   0.015   0.015   0.015   0.015   0.015   0.015   0.015   0.015   0.015   0.015   0.015   0.015   0.015   0.015   0.015   0.015   0.015   0.015   0.015   0.015   0.015   0.015   0.015   0.015   0.015   0.015   0.015   0.015   0.015   0.015   0.015   0.015   0.015   0.015   0.015   0.015   0.015
   0.015   0.015   0.015   0.015   0.015   0.015   0.015   0.015   0.015   0.015   0.015   0.015   0.015   0.015   0.015   0.015   0.015   0.015   0.015   0.015   0.015   0.015   0.015   0.015   0.015   0.015   0.015   0.015   0.015   0.015   0.015   0.015   0.015   0.015   0.015   0.015   0.015   0.015   0.015   0.015   0.150   0.015   0.015   0.015   0.015   0.015   0.015   0.015   0.015   0.015   0.015   0.015   0.015   0.015   0.015   0.015   0.015   0.015   0.015   0.015   0.015   0.015   0.015   0.015   0.015   0.015   0.015   0.015   0.015   0.015   0.015   0.015   0.015   0.015   0.015   0.015   0.015   0.015   0.015   0.015   0.015
   0.015   0.015   0.015   0.015   0.015   0.015   0.015   0.015   0.015   0.015   0.015   0.015   0.015   0.015   0.015   0.015   0.015   0.015   0.015   0.015   0.015   0.015   0.015   0.015   0.015   0.015   0.015   0.015   0.015   0.015   0.015   0.015   0.015   0.015   0.015   0.015   0.015   0.015   0.015   0.015   0.150   0.015   0.015   0.015   0.015   0.015   0.015   0.015   0.015   0.015   0.015   0.015   0.015   0.015   0.015   0.015   0.015   0.015   0.015   0.015   0.015   0.015   0.015   0.015   0.015   0.015   0.015   0.015   0.015   0.015   0.015   0.015   0.015   0.015   0.015   0.015   0.015   0.015   0.015   0.015   0.015
   0.015   0.015   0.015   0.015   0.015   0.015   0.015   0.015   0.015   0.015   0.015   0.015   0.015   0.015   0.015   0.015   0.015   0.015   0.015   0.015   0.015   0.015   0.015   0.015   0.015   0.015   0.015   0.015   0.015   0.015   0.015   0.015   0.015   0.015   0.015   0.015   0.015   0.015   0.015   0.015   0.150   0.015   0.015   0.015   0.015   0.015   0.015   0.015   0.015   0.015   0.015   0.015   0.015   0.015   0.015   0.015   0.015   0.015   0.015   0.015   0.015   0.015   0.015   0.015   0.015   0.015   0.015   0.015   0.015   0.015   0.015   0.015   0.015   0.015   0.015   0.015   0.015   0.015   0.015   0.015   0.015
   0.015   0.015   0.015   0.015   0.015   0.015   0.015   0.015   0.015   0.015   0.015   0.015   0.015   0.015   0.015   0.015   0.015   0.015   0.015   0.015   0.015   0.015   0.015   0.015   0.015   0.015   0.015   0.015   0.015   0.015   0.015   0.015   0.015   0.015   0.015   0.015   0.015   0.015   0.015   0.015   0.150   0.015   0.015   0.015   0.015   0.015   0.015   0.015   0.015   0.015   0.015   0.015   0.015   0.015   0.015   0.015   0.015   0.015   0.015   0.015   0.015   0.015   0.015   0.015   0.015   0.015   0.015   0.015   0.015   0.015   0.015   0.015   0.015   0.015   0.015   0.015   0.015   0.015   0.015   0.015   0.015
   0.015   0.015   0.015   0.015   0.015   0.015   0.015   0.015   0.015   0.015   0.015   0.015   0.015   0.015   0.015   0.015   0.015   0.015   0.015   0.015   0.015   0.015   0.015   0.015   0.015   0.015   0.015   0.015   0.015   0.015   0.015   0.015   0.015   0.015   0.015   0.015   0.015   0.015   0.015   0.015   0.150   0.015   0.015   0.015   0.015   0.015   0.015   0.015   0.015   0.015   0.015   0.015   0.015   0.015   0.015   0.015   0.015   0.015   0.015   0.015   0.015   0.015   0.015   0.015   0.015   0.015   0.015   0.015   0.015   0.015   0.015   0.015   0.015   0.015   0.015   0.015   0.015   0.015   0.015   0.015   0.015
   0.015   0.015   0.015   0.015   0.015   0.015   0.015   0.015   0.015   0.015   0.015   0.015   0.015   0.015   0.015   0.015   0.015   0.015   0.015   0.015   0.015   0.015   0.015   0.015   0.015   0.015   0.015   0.015   0.015   0.015   0.015   0.015   0.015   0.015   0.015   0.015   0.015   0.015   0.015   0.015   0.150   0.015   0.015   0.015   0.015   0.015   0.015   0.015   0.015   0.015   0.015   0.015   0.015   0.015   0.015   0.015   0.015   0.015   0.015   0.015   0.015   0.015   0.015   0.015   0.015   0.015   0.015   0.015   0.015   0.015   0.015   0.015   0.015   0.015   0.015   0.015   0.015   0.015   0.015   0.015   0.015
   0.015   0.015   0.015   0.015   0.015   0.015   0.015   0.015   0.015   0.015   0.015   0.015   0.015   0.015   0.015   0.015   0.015   0.015   0.015   0.015   0.015   0.015   0.015   0.015   0.015   0.015   0.015   0.015   0.015   0.015   0.015   0.015   0.015   0.015   0.015   0.015   0.015   0.015   0.015   0.015   0.150   0.015   0.015   0.015   0.015   0.015   0.015   0.015   0.015   0.015   0.015   0.015   0.015   0.015   0.015   0.015   0.015   0.015   0.015   0.015   0.015   0.015   0.015   0.015   0.015   0.015   0.015   0.015   0.015   0.015   0.015   0.015   0.015   0.015   0.015   0.015   0.015   0.015   0.015   0.015   0.015
   0.015   0.015   0.015   0.015   0.015   0.015   0.015   0.015   0.015   0.015   0.015   0.015   0.015   0.015   0.015   0.015   0.015   0.015   0.015   0.015   0.015   0.015   0.015   0.015   0.015   0.015   0.015   0.015   0.015   0.015   0.015   0.015   0.015   0.015   0.015   0.015   0.015   0.015   0.015   0.015   0.150   0.015   0.015   0.015   0.015   0.015   0.015   0.015   0.015   0.015   0.015   0.015   0.015   0.015   0.015   0.015   0.015   0.015   0.015   0.015   0.015   0.015   0.015   0.015   0.015   0.015   0.015   0.015   0.015   0.015   0.015   0.015   0.015   0.015   0.015   0.015   0.015   0.015   0.015   0.015   0.015
   0.015   0.015   0.015   0.015   0.015   0.015   0.015   0.015   0.015   0.015   0.015   0.015   0.015   0.015   0.015   0.015   0.015   0.015   0.015   0.015   0.015   0.015   0.015   0.015   0.015   0.015   0.015   0.015   0.015   0.015   0.015   0.015   0.015   0.015   0.015   0.015   0.015   0.015   0.015   0.015   0.150   0.015   0.015   0.015   0.015   0.015   0.015   0.015   0.015   0.015   0.015   0.015   0.015   0.015   0.015   0.015   0.015   0.015   0.015   0.015   0.015   0.015   0.015   0.015   0.015   0.015   0.015   0.015   0.015   0.015   0.015   0.015   0.015   0.015   0.015   0.015   0.015   0.015   0.015   0.015   0.015
   0.015   0.015   0.015   0.015   0.015   0.015   0.015   0.015   0.015   0.015   0.015   0.015   0.015   0.015   0.015   0.015   0.015   0.015   0.015   0.015   0.015   0.015   0.015   0.015   0.015   0.015   0.015   0.015   0.015   0.015   0.015   0.015   0.015   0.015   0.015   0.015   0.015   0.015   0.015   0.015   0.150   0.015   0.015   0.015   0.015   0.015   0.015   0.015   0.015   0.015   0.015   0.015   0.015   0.015   0.015   0.015   0.015   0.015   0.015   0.015   0.015   0.015   0.015   0.015   0.015   0.015   0.015   0.015   0.015   0.015   0.015   0.015   0.015   0.015   0.015   0.015   0.015   0.015   0.015   0.015   0.015
   0.015   0.015   0.015   0.015   0.015   0.015   0.015   0.015   0.015   0.015   0.015   0.015   0.015   0.015   0.015   0.015   0.015   0.015   0.015   0.015   0.015   0.015   0.015   0.015   0.015   0.015   0.015   0.015   0.015   0.015   0.015   0.015   0.015   0.015   0.015   0.015   0.015   0.015   0.015   0.015   0.150   0.015   0.015   0.015   0.015   0.015   0.015   0.015   0.015   0.015   0.015   0.015   0.015   0.015   0.015   0.015   0.015   0.015   0.015   0.015   0.015   0.015   0.015   0.015   0.015   0.015   0.015   0.015   0.015   0.015   0.015   0.015   0.015   0.015   0.015   0.015   0.015   0.015   0.015   0.015   0.015
   0.015   0.015   0.015   0.015   0.015   0.015   0.015   0.015   0.015   0.015   0.015   0.015   0.015   0.015   0.015   0.015   0.015   0.015   0.015   0.015   0.015   0.015   0.015   0.015   0.015   0.015   0.015   0.015   0.015   0.015   0.015   0.015   0.015   0.015   0.015   0.015   0.015   0.015   0.015   0.015   0.150   0.015   0.015   0.015   0.015   0.015   0.015   0.015   0.015   0.015   0.015   0.015   0.015   0.015   0.015   0.015   0.015   0.015   0.015   0.015   0.015   0.015   0.015   0.015   0.015   0.015   0.015   0.015   0.015   0.015   0.015   0.015   0.015   0.015   0.015   0.015   0.015   0.015   0.015   0.015   0.015
   0.015   0.015   0.015   0.015   0.015   0.015   0.015   0.015   0.015   0.015   0.015   0.015   0.015   0.015   0.015   0.015   0.015   0.015   0.015   0.015   0.015   0.015   0.015   0.015   0.015   0.015   0.015   0.015   0.015   0.015   0.015   0.015   0.015   0.015   0.015   0.015   0.015   0.015   0.015   0.015   0.150   0.015   0.015   0.015   0.015   0.015   0.015   0.015   0.015   0.015   0.015   0.015   0.015   0.015   0.015   0.015   0.015   0.015   0.015   0.015   0.015   0.015   0.015   0.015   0.015   0.015   0.015   0.015   0.015   0.015   0.015   0.015   0.015   0.015   0.015   0.015   0.015   0.015   0.015   0.015   0.015
   0.015   0.015   0.015   0.015   0.015   0.015   0.015   0.015   0.015   0.015   0.015   0.015   0.015   0.015   0.015   0.015   0.015   0.015   0.015   0.015   0.015   0.015   0.015   0.015   0.015   0.015   0.015   0.015   0.015   0.015   0.015   0.015   0.015   0.015   0.015   0.015   0.015   0.015   0.015   0.015   0.150   0.015   0.015   0.015   0.015   0.015   0.015   0.015   0.015   0.015   0.015   0.015   0.015   0.015   0.015   0.015   0.015   0.015   0.015   0.015   0.015   0.015   0.015   0.015   0.015   0.015   0.015   0.015   0.015   0.015   0.015   0.015   0.015   0.015   0.015   0.015   0.015   0.015   0.015   0.015   0.015
   0.015   0.015   0.015   0.015   0.015   0.015   0.015   0.015   0.015   0.015   0.015   0.015   0.015   0.015   0.015   0.015   0.015   0.015   0.015   0.015   0.015   0.015   0.015   0.015   0.015   0.015   0.015   0.015   0.015   0.015   0.015   0.015   0.015   0.015   0.015   0.015   0.015   0.015   0.015   0.015   0.150   0.015   0.015   0.015   0.015   0.015   0.015   0.015   0.015   0.015   0.015   0.015   0.015   0.015   0.015   0.015   0.015   0.015   0.015   0.015   0.015   0.015   0.015   0.015   0.015   0.015   0.015   0.015   0.015   0.015   0.015   0.015   0.015   0.015   0.015   0.015   0.015   0.015   0.015   0.015   0.015
   0.015   0.015   0.015   0.015   0.015   0.015   0.015   0.015   0.015   0.015   0.015   0.015   0.015   0.015   0.015   0.015   0.015   0.015   0.015   0.015   0.015   0.015   0.015   0.015   0.015   0.015   0.015   0.015   0.015   0.015   0.015   0.015   0.015   0.015   0.015   0.015   0.015   0.015   0.015   0.015   0.150   0.015   0.015   0.015   0.015   0.015   0.015   0.015   0.015   0.015   0.015   0.015   0.015   0.015   0.015   0.015   0.015   0.015   0.015   0.015   0.015   0.015   0.015   0.015   0.015   0.015   0.015   0.015   0.015   0.015   0.015   0.015   0.015   0.015   0.015   0.015   0.015   0.015   0.015   0.015   0.015
   0.015   0.015   0.015   0.015   0.015   0.015   0.015   0.015   0.015   0.015   0.015   0.015   0.015   0.015   0.015   0.015   0.015   0.015   0.015   0.015   0.015   0.015   0.015   0.015   0.015   0.015   0.015   0.015   0.015   0.015   0.015   0.015   0.015   0.015   0.015   0.015   0.015   0.015   0.015   0.015   0.150   0.015   0.015   0.015   0.015   0.015   0.015   0.015   0.015   0.015   0.015   0.015   0.015   0.015   0.015   0.015   0.015   0.015   0.015   0.015   0.015   0.015   0.015   0.015   0.015   0.015   0.015   0.015   0.015   0.015   0.015   0.015   0.015   0.015   0.015   0.015   0.015   0.015   0.015   0.015   0.015
   0.015   0.015   0.015   0.015   0.015   0.015   0.015   0.015   0.015   0.015   0.015   0.015   0.015   0.015   0.015   0.015   0.015   0.015   0.015   0.015   0.015   0.015   0.015   0.015   0.015   0.015   0.015   0.015   0.015   0.015   0.015   0.015   0.015   0.015   0.015   0.015   0.015   0.015   0.015   0.015   0.150   0.015   0.015   0.015   0.015   0.015   0.015   0.015   0.015   0.015   0.015   0.015   0.015   0.015   0.015   0.015   0.015   0.015   0.015   0.015   0.015   0.015   0.015   0.015   0.015   0.015   0.015   0.015   0.015   0.015   0.015   0.015   0.015   0.015   0.015   0.015   0.015   0.015   0.015   0.015   0.015
   0.015   0.015   0.015   0.015   0.015   0.015   0.015   0.015   0.015   0.015   0.015   0.015   0.015   0.015   0.015   0.015   0.015   0.015   0.015   0.015   0.015   0.015   0.015   0.015   0.015   0.015   0.015   0.015   0.015   0.015   0.015   0.015   0.015   0.015   0.015   0.015   0.015   0.015   0.015   0.015   0.150   0.015   0.015   0.015   0.015   0.015   0.015   0.015   0.015   0.015   0.015   0.015   0.015   0.015   0.015   0.015   0.015   0.015   0.015   0.015   0.015   0.015   0.015   0.015   0.015   0.015   0.015   0.015   0.015   0.015   0.015   0.015   0.015   0.015   0.015   0.015   0.015   0.015   0.015   0.015   0.015
   0.015   0.015   0.015   0.015   0.015   0.015   0.015   0.015   0.015   0.015   0.015   0.015   0.015   0.015   0.015   0.015   0.015   0.015   0.015   0.015   0.015   0.015   0.015   0.015   0.015   0.015   0.015   0.015   0.015   0.015   0.015   0.015   0.015   0.015   0.015   0.015   0.015   0.015   0.015   0.015   0.150   0.015   0.015   0.015   0.015   0.015   0.015   0.015   0.015   0.015   0.015   0.015   0.015   0.015   0.015   0.015   0.015   0.015   0.015   0.015   0.015   0.015   0.015   0.015   0.015   0.015   0.015   0.015   0.015   0.015   0.015   0.015   0.015   0.015   0.015   0.015   0.015   0.015   0.015   0.015   0.015
   0.015   0.015   0.015   0.015   0.015   0.015   0.015   0.015   0.015   0.015   0.015   0.015   0.015   0.015   0.015   0.015   0.015   0.015   0.015   0.015   0.015   0.015   0.015   0.015   0.015   0.015   0.015   0.015   0.015   0.015   0.015   0.015   0.015   0.015   0.015   0.015   0.015   0.015   0.015   0.015   0.150   0.015   0.015   0.015   0.015   0.015   0.015   0.015   0.015   0.015   0.015   0.015   0.015   0.015   0.015   0.015   0.015   0.015   0.015   0.015   0.015   0.015   0.015   0.015   0.015   0.015   0.015   0.015   0.015   0.015   0.015   0.015   0.015   0.015   0.015   0.015   0.015   0.015   0.015   0.015   0.015
   0.015   0.015   0.015   0.015   0.015   0.015   0.015   0.015   0.015   0.015   0.015   0.015   0.015   0.015   0.015   0.015   0.015   0.015   0.015   0.015   0.015   0.015   0.015   0.015   0.015   0.015   0.015   0.015   0.015   0.015   0.015   0.015   0.015   0.015   0.015   0.015   0.015   0.015   0.015   0.015   0.150   0.015   0.015   0.015   0.015   0.015   0.015   0.015   0.015   0.015   0.015   0.015   0.015   0.015   0.015   0.015   0.015   0.015   0.015   0.015   0.015   0.015   0.015   0.015   0.015   0.015   0.015   0.015   0.015   0.015   0.015   0.015   0.015   0.015   0.015   0.015   0.015   0.015   0.015   0.015   0.015
   0.015   0.015   0.015   0.015   0.015   0.015   0.015   0.015   0.015   0.015   0.015   0.015   0.015   0.015   0.015   0.015   0.015   0.015   0.015   0.015   0.015   0.015   0.015   0.015   0.015   0.015   0.015   0.015   0.015   0.015   0.015   0.015   0.015   0.015   0.015   0.015   0.015   0.015   0.015   0.015   0.150   0.015   0.015   0.015   0.015   0.015   0.015   0.015   0.015   0.015   0.015   0.015   0.015   0.015   0.015   0.015   0.015   0.015   0.015   0.015   0.015   0.015   0.015   0.015   0.015   0.015   0.015   0.015   0.015   0.015   0.015   0.015   0.015   0.015   0.015   0.015   0.015   0.015   0.015   0.015   0.015
   0.015   0.015   0.015   0.015   0.015   0.015   0.015   0.015   0.015   0.015   0.015   0.015   0.015   0.015   0.015   0.015   0.015   0.015   0.015   0.015   0.015   0.015   0.015   0.015   0.015   0.015   0.015   0.015   0.015   0.015   0.015   0.015   0.015   0.015   0.015   0.015   0.015   0.015   0.015   0.015   0.150   0.015   0.015   0.015   0.015   0.015   0.015   0.015   0.015   0.015   0.015   0.015   0.015   0.015   0.015   0.015   0.015   0.015   0.015   0.015   0.015   0.015   0.015   0.015   0.015   0.015   0.015   0.015   0.015   0.015   0.015   0.015   0.015   0.015   0.015   0.015   0.015   0.015   0.015   0.015   0.015
   0.015   0.015   0.015   0.015   0.015   0.015   0.015   0.015   0.015   0.015   0.015   0.015   0.015   0.015   0.015   0.015   0.015   0.015   0.015   0.015   0.015   0.015   0.015   0.015   0.015   0.015   0.015   0.015   0.015   0.015   0.015   0.015   0.015   0.015   0.015   0.015   0.015   0.015   0.015   0.015   0.150   0.015   0.015   0.015   0.015   0.015   0.015   0.015   0.015   0.015   0.015   0.015   0.015   0.015   0.015   0.015   0.015   0.015   0.015   0.015   0.015   0.015   0.015   0.015   0.015   0.015   0.015   0.015   0.015   0.015   0.015   0.015   0.015   0.015   0.015   0.015   0.015   0.015   0.015   0.015   0.015
   0.015   0.015   0.015   0.015   0.015   0.015   0.015   0.015   0.015   0.015   0.015   0.015   0.015   0.015   0.015   0.015   0.015   0.015   0.015   0.015   0.015   0.015   0.015   0.015   0.015   0.015   0.015   0.015   0.015   0.015   0.015   0.015   0.015   0.015   0.015   0.015   0.015   0.015   0.015   0.015   0.150   0.015   0.015   0.015   0.015   0.015   0.015   0.015   0.015   0.015   0.015   0.015   0.015   0.015   0.015   0.015   0.015   0.015   0.015   0.015   0.015   0.015   0.015   0.015   0.015   0.015   0.015   0.015   0.015   0.015   0.015   0.015   0.015   0.015   0.015   0.015   0.015   0.015   0.015   0.015   0.015
   0.015   0.015   0.015   0.015   0.015   0.015   0.015   0.015   0.015   0.015   0.015   0.015   0.015   0.015   0.015   0.015   0.015   0.015   0.015   0.015   0.015   0.015   0.015   0.015   0.015   0.015   0.015   0.015   0.015   0.015   0.015   0.015   0.015   0.015   0.015   0.015   0.015   0.015   0.015   0.015   0.150   0.015   0.015   0.015   0.015   0.015   0.015   0.015   0.015   0.015   0.015   0.015   0.015   0.015   0.015   0.015   0.015   0.015   0.015   0.015   0.015   0.015   0.015   0.015   0.015   0.015   0.015   0.015   0.015   0.015   0.015   0.015   0.015   0.015   0.015   0.015   0.015   0.015   0.015   0.015   0.015
   0.015   0.015   0.015   0.015   0.015   0.015   0.015   0.015   0.015   0.015   0.015   0.015   0.015   0.015   0.015   0.015   0.015   0.015   0.015   0.015   0.015   0.015   0.015   0.015   0.015   0.015   0.015   0.015   0.015   0.015   0.015   0.015   0.015   0.015   0.015   0.015   0.015   0.015   0.015   0.015   0.150   0.015   0.015   0.015   0.015   0.015   0.015   0.015   0.015   0.015   0.015   0.015   0.015   0.015   0.015   0.015   0.015   0.015   0.015   0.015   0.015   0.015   0.015   0.015   0.015   0.015   0.015   0.015   0.015   0.015   0.015   0.015   0.015   0.015   0.015   0.015   0.015   0.015   0.015   0.015   0.015
   0.015   0.015   0.015   0.015   0.015   0.015   0.015   0.015   0.015   0.015   0.015   0.015   0.015   0.015   0.015   0.015   0.015   0.015   0.015   0.015   0.015   0.015   0.015   0.015   0.015   0.015   0.015   0.015   0.015   0.015   0.015   0.015   0.015   0.015   0.015   0.015   0.015   0.015   0.015   0.015   0.150   0.015   0.015   0.015   0.015   0.015   0.015   0.015   0.015   0.015   0.015   0.015   0.015   0.015   0.015   0.015   0.015   0.015   0.015   0.015   0.015   0.015   0.015   0.015   0.015   0.015   0.015   0.015   0.015   0.015   0.015   0.015   0.015   0.015   0.015   0.015   0.015   0.015   0.015   0.015   0.015
   0.015   0.015   0.015   0.015   0.015   0.015   0.015   0.015   0.015   0.015   0.015   0.015   0.015   0.015   0.015   0.015   0.015   0.015   0.015   0.015   0.015   0.015   0.015   0.015   0.015   0.015   0.015   0.015   0.015   0.015   0.015   0.015   0.015   0.015   0.015   0.015   0.015   0.015   0.015   0.015   0.150   0.015   0.015   0.015   0.015   0.015   0.015   0.015   0.015   0.015   0.015   0.015   0.015   0.015   0.015   0.015   0.015   0.015   0.015   0.015   0.015   0.015   0.015   0.015   0.015   0.015   0.015   0.015   0.015   0.015   0.015   0.015   0.015   0.015   0.015   0.015   0.015   0.015   0.015   0.015   0.015
   0.015   0.015   0.015   0.015   0.015   0.015   0.015   0.015   0.015   0.015   0.015   0.015   0.015   0.015   0.015   0.015   0.015   0.015   0.015   0.015   0.015   0.015   0.015   0.015   0.015   0.015   0.015   0.015   0.015   0.015   0.015   0.015   0.015   0.015   0.015   0.015   0.015   0.015   0.015   0.015   0.150   0.015   0.015   0.015   0.015   0.015   0.015   0.015   0.015   0.015   0.015   0.015   0.015   0.015   0.015   0.015   0.015   0.015   0.015   0.015   0.015   0.015   0.015   0.015   0.015   0.015   0.015   0.015   0.015   0.015   0.015   0.015   0.015   0.015   0.015   0.015   0.015   0.015   0.015   0.015   0.015
   0.015   0.015   0.015   0.015   0.015   0.015   0.015   0.015   0.015   0.015   0.015   0.015   0.015   0.015   0.015   0.015   0.015   0.015   0.015   0.015   0.015   0.015   0.015   0.015   0.015   0.015   0.015   0.015   0.015   0.015   0.015   0.015   0.015   0.015   0.015   0.015   0.015   0.015   0.015   0.015   0.150   0.015   0.015   0.015   0.015   0.015   0.015   0.015   0.015   0.015   0.015   0.015   0.015   0.015   0.015   0.015   0.015   0.015   0.015   0.015   0.015   0.015   0.015   0.015   0.015   0.015   0.015   0.015   0.015   0.015   0.015   0.015   0.015   0.015   0.015   0.015   0.015   0.015   0.015   0.015   0.015
   0.015   0.015   0.015   0.015   0.015   0.015   0.015   0.015   0.015   0.015   0.015   0.015   0.015   0.015   0.015   0.015   0.015   0.015   0.015   0.015   0.015   0.015   0.015   0.015   0.015   0.015   0.015   0.015   0.015   0.015   0.015   0.015   0.015   0.015   0.015   0.015   0.015   0.015   0.015   0.015   0.150   0.015   0.015   0.015   0.015   0.015   0.015   0.015   0.015   0.015   0.015   0.015   0.015   0.015   0.015   0.015   0.015   0.015   0.015   0.015   0.015   0.015   0.015   0.015   0.015   0.015   0.015   0.015   0.015   0.015   0.015   0.015   0.015   0.015   0.015   0.015   0.015   0.015   0.015   0.015   0.015
   0.015   0.015   0.015   0.015   0.015   0.015   0.015   0.015   0.015   0.015   0.015   0.015   0.015   0.015   0.015   0.015   0.015   0.015   0.015   0.015   0.015   0.015   0.015   0.015   0.015   0.015   0.015   0.015   0.015   0.015   0.015   0.015   0.015   0.015   0.015   0.015   0.015   0.015   0.015   0.015   0.150   0.015   0.015   0.015   0.015   0.015   0.015   0.015   0.015   0.015   0.015   0.015   0.015   0.015   0.015   0.015   0.015   0.015   0.015   0.015   0.015   0.015   0.015   0.015   0.015   0.015   0.015   0.015   0.015   0.015   0.015   0.015   0.015   0.015   0.015   0.015   0.015   0.015   0.015   0.015   0.015
   0.015   0.015   0.015   0.015   0.015   0.015   0.015   0.015   0.015   0.015   0.015   0.015   0.015   0.015   0.015   0.015   0.015   0.015   0.015   0.015   0.015   0.015   0.015   0.015   0.015   0.015   0.015   0.015   0.015   0.015   0.015   0.015   0.015   0.015   0.015   0.015   0.015   0.015   0.015   0.015   0.150   0.015   0.015   0.015   0.015   0.015   0.015   0.015   0.015   0.015   0.015   0.015   0.015   0.015   0.015   0.015   0.015   0.015   0.015   0.015   0.015   0.015   0.015   0.015   0.015   0.015   0.015   0.015   0.015   0.015   0.015   0.015   0.015   0.015   0.015   0.015   0.015   0.015   0.015   0.015   0.015
   0.015   0.015   0.015   0.015   0.015   0.015   0.015   0.015   0.015   0.015   0.015   0.015   0.015   0.015   0.015   0.015   0.015   0.015   0.015   0.015   0.015   0.015   0.015   0.015   0.015   0.015   0.015   0.015   0.015   0.015   0.015   0.015   0.015   0.015   0.015   0.015   0.015   0.015   0.015   0.015   0.150   0.015   0.015   0.015   0.015   0.015   0.015   0.015   0.015   0.015   0.015   0.015   0.015   0.015   0.015   0.015   0.015   0.015   0.015   0.015   0.015   0.015   0.015   0.015   0.015   0.015   0.015   0.015   0.015   0.015   0.015   0.015   0.015   0.015   0.015   0.015   0.015   0.015   0.015   0.015   0.015
   0.015   0.015   0.015   0.015   0.015   0.015   0.015   0.015   0.015   0.015   0.015   0.015   0.015   0.015   0.015   0.015   0.015   0.015   0.015   0.015   0.015   0.015   0.015   0.015   0.015   0.015   0.015   0.015   0.015   0.015   0.015   0.015   0.015   0.015   0.015   0.015   0.015   0.015   0.015   0.015   0.150   0.015   0.015   0.015   0.015   0.015   0.015   0.015   0.015   0.015   0.015   0.015   0.015   0.015   0.015   0.015   0.015   0.015   0.015   0.015   0.015   0.015   0.015   0.015   0.015   0.015   0.015   0.015   0.015   0.015   0.015   0.015   0.015   0.015   0.015   0.015   0.015   0.015   0.015   0.015   0.015
   0.015   0.015   0.015   0.015   0.015   0.015   0.015   0.015   0.015   0.015   0.015   0.015   0.015   0.015   0.015   0.015   0.015   0.015   0.015   0.015   0.015   0.015   0.015   0.015   0.015   0.015   0.015   0.015   0.015   0.015   0.015   0.015   0.015   0.015   0.015   0.015   0.015   0.015   0.015   0.015   0.150   0.015   0.015   0.015   0.015   0.015   0.015   0.015   0.015   0.015   0.015   0.015   0.015   0.015   0.015   0.015   0.015   0.015   0.015   0.015   0.015   0.015   0.015   0.015   0.015   0.015   0.015   0.015   0.015   0.015   0.015   0.015   0.015   0.015   0.015   0.015   0.015   0.015   0.015   0.015   0.015
   0.015   0.015   0.015   0.015   0.015   0.015   0.015   0.015   0.015   0.015   0.015   0.015   0.015   0.015   0.015   0.015   0.015   0.015   0.015   0.015   0.015   0.015   0.015   0.015   0.015   0.015   0.015   0.015   0.015   0.015   0.015   0.015   0.015   0.015   0.015   0.015   0.015   0.015   0.015   0.015   0.150   0.015   0.015   0.015   0.015   0.015   0.015   0.015   0.015   0.015   0.015   0.015   0.015   0.015   0.015   0.015   0.015   0.015   0.015   0.015   0.015   0.015   0.015   0.015   0.015   0.015   0.015   0.015   0.015   0.015   0.015   0.015   0.015   0.015   0.015   0.015   0.015   0.015   0.015   0.015   0.015
   0.015   0.015   0.015   0.015   0.015   0.015   0.015   0.015   0.015   0.015   0.015   0.015   0.015   0.015   0.015   0.015   0.015   0.015   0.015   0.015   0.015   0.015   0.015   0.015   0.015   0.015   0.015   0.015   0.015   0.015   0.015   0.015   0.015   0.015   0.015   0.015   0.015   0.015   0.015   0.015   0.150   0.015   0.015   0.015   0.015   0.015   0.015   0.015   0.015   0.015   0.015   0.015   0.015   0.015   0.015   0.015   0.015   0.015   0.015   0.015   0.015   0.015   0.015   0.015   0.015   0.015   0.015   0.015   0.015   0.015   0.015   0.015   0.015   0.015   0.015   0.015   0.015   0.015   0.015   0.015   0.015
   0.015   0.015   0.015   0.015   0.015   0.015   0.015   0.015   0.015   0.015   0.015   0.015   0.015   0.015   0.015   0.015   0.015   0.015   0.015   0.015   0.015   0.015   0.015   0.015   0.015   0.015   0.015   0.015   0.015   0.015   0.015   0.015   0.015   0.015   0.015   0.015   0.015   0.015   0.015   0.015   0.150   0.015   0.015   0.015   0.015   0.015   0.015   0.015   0.015   0.015   0.015   0.015   0.015   0.015   0.015   0.015   0.015   0.015   0.015   0.015   0.015   0.015   0.015   0.015   0.015   0.015   0.015   0.015   0.015   0.015   0.015   0.015   0.015   0.015   0.015   0.015   0.015   0.015   0.015   0.015   0.015
   0.015   0.015   0.015   0.015   0.015   0.015   0.015   0.015   0.015   0.015   0.015   0.015   0.015   0.015   0.015   0.015   0.015   0.015   0.015   0.015   0.015   0.015   0.015   0.015   0.015   0.015   0.015   0.015   0.015   0.015   0.015   0.015   0.015   0.015   0.015   0.015   0.015   0.015   0.015   0.015   0.150   0.015   0.015   0.015   0.015   0.015   0.015   0.015   0.015   0.015   0.015   0.015   0.015   0.015   0.015   0.015   0.015   0.015   0.015   0.015   0.015   0.015   0.015   0.015   0.015   0.015   0.015   0.015   0.015   0.015   0.015   0.015   0.015   0.015   0.015   0.015   0.015   0.015   0.015   0.015   0.015
   0.015   0.015   0.015   0.015   0.015   0.015   0.015   0.015   0.015   0.015   0.015   0.015   0.015   0.015   0.015   0.015   0.015   0.015   0.015   0.015   0.015   0.015   0.015   0.015   0.015   0.015   0.015   0.015   0.015   0.015   0.015   0.015   0.015   0.015   0.015   0.015   0.015   0.015   0.015   0.015   0.150   0.015   0.015   0.015   0.015   0.015   0.015   0.015   0.015   0.015   0.015   0.015   0.015   0.015   0.015   0.015   0.015   0.015   0.015   0.015   0.015   0.015   0.015   0.015   0.015   0.015   0.015   0.015   0.015   0.015   0.015   0.015   0.015   0.015   0.015   0.015   0.015   0.015   0.015   0.015   0.015
   0.015   0.015   0.015   0.015   0.015   0.015   0.015   0.015   0.015   0.015   0.015   0.015   0.015   0.015   0.015   0.015   0.015   0.015   0.015   0.015   0.015   0.015   0.015   0.015   0.015   0.015   0.015   0.015   0.015   0.015   0.015   0.015   0.015   0.015   0.015   0.015   0.015   0.015   0.015   0.015   0.150   0.015   0.015   0.015   0.015   0.015   0.015   0.015   0.015   0.015   0.015   0.015   0.015   0.015   0.015   0.015   0.015   0.015   0.015   0.015   0.015   0.015   0.015   0.015   0.015   0.015   0.015   0.015   0.015   0.015   0.015   0.015   0.015   0.015   0.015   0.015   0.015   0.015   0.015   0.015   0.015
   0.015   0.015   0.015   0.015   0.015   0.015   0.015   0.015   0.015   0.015   0.015   0.015   0.015   0.015   0.015   0.015   0.015   0.015   0.015   0.015   0.015   0.015   0.015   0.015   0.015   0.015   0.015   0.015   0.015   0.015   0.015   0.015   0.015   0.015   0.015   0.015   0.015   0.015   0.015   0.015   0.150   0.015   0.015   0.015   0.015   0.015   0.015   0.015   0.015   0.015   0.015   0.015   0.015   0.015   0.015   0.015   0.015   0.015   0.015   0.015   0.015   0.015   0.015   0.015   0.015   0.015   0.015   0.015   0.015   0.015   0.015   0.015   0.015   0.015   0.015   0.015   0.015   0.015   0.015   0.015   0.015
   0.015   0.015   0.015   0.015   0.015   0.015   0.015   0.015   0.015   0.015   0.015   0.015   0.015   0.015   0.015   0.015   0.015   0.015   0.015   0.015   0.015   0.015   0.015   0.015   0.015   0.015   0.015   0.015   0.015   0.015   0.015   0.015   0.015   0.015   0.015   0.015   0.015   0.015   0.015   0.015   0.150   0.015   0.015   0.015   0.015   0.015   0.015   0.015   0.015   0.015   0.015   0.015   0.015   0.015   0.015   0.015   0.015   0.015   0.015   0.015   0.015   0.015   0.015   0.015   0.015   0.015   0.015   0.015   0.015   0.015   0.015   0.015   0.015   0.015   0.015   0.015   0.015   0.015   0.015   0.015   0.015
